date,rougher.output.recovery,final.output.recovery
2016-09-01T00:59:59Z,89.43854150429767,71.1831223745812
2016-09-01T01:59:59Z,88.9949604611365,69.64346153573109
2016-09-01T02:59:59Z,89.44860037386029,67.80726849037178
2016-09-01T03:59:59Z,89.07495526255975,68.17756232774467
2016-09-01T04:59:59Z,88.15125621358051,66.46623160280963
2016-09-01T05:59:59Z,87.5771553945965,65.26671896524176
2016-09-01T06:59:59Z,86.15598987364189,63.535816558271804
2016-09-01T07:59:59Z,86.19683879449944,62.75046262107455
2016-09-01T08:59:59Z,86.85106889591208,64.80961386032573
2016-09-01T09:59:59Z,85.06417079431425,62.84236269175179
2016-09-01T10:59:59Z,84.72463944941576,61.80519799053698
2016-09-01T11:59:59Z,85.53141067771487,64.26213397226495
2016-09-01T12:59:59Z,84.93208553667067,63.827520150692834
2016-09-01T13:59:59Z,84.32642438496244,62.31004163638642
2016-09-01T14:59:59Z,85.40147824630851,65.12871188493774
2016-09-01T15:59:59Z,86.26374611752892,66.37001205663461
2016-09-01T16:59:59Z,85.15207857568653,64.3355708045461
2016-09-01T17:59:59Z,83.27669923989667,63.244452757654216
2016-09-01T18:59:59Z,83.86677309393922,63.44936784959225
2016-09-01T19:59:59Z,83.78079985697003,62.54684325465363
2016-09-01T20:59:59Z,81.04878930209833,59.55638840024355
2016-09-01T21:59:59Z,83.49555502651634,64.00966475186209
2016-09-01T22:59:59Z,85.51741512827982,66.70022047889881
2016-09-01T23:59:59Z,85.13284277339223,65.01641896253643
2016-09-02T00:59:59Z,85.26360256859941,65.01262645656863
2016-09-02T01:59:59Z,85.24852603250882,64.88462685692893
2016-09-02T02:59:59Z,83.7290482717023,62.138896162510235
2016-09-02T03:59:59Z,82.443888999452,62.603934042266864
2016-09-02T04:59:59Z,83.24621927026074,62.43706419218563
2016-09-02T05:59:59Z,83.18288644686946,61.500121436138244
2016-09-02T06:59:59Z,77.02710027915346,56.54156392594459
2016-09-02T07:59:59Z,77.73053626830917,53.24048602146815
2016-09-02T08:59:59Z,77.67196289312766,53.49604842765093
2016-09-02T09:59:59Z,79.89539800923835,57.16462861701432
2016-09-02T10:59:59Z,83.09698801165483,59.654287505246884
2016-09-02T11:59:59Z,82.98787264768593,60.50118954666876
2016-09-02T12:59:59Z,83.6653863293994,63.353566221168094
2016-09-02T13:59:59Z,83.06638139815344,63.82739150208364
2016-09-02T14:59:59Z,83.04984210949516,63.749505840945886
2016-09-02T15:59:59Z,83.73930459623689,65.08910167977719
2016-09-02T16:59:59Z,83.28593678420648,64.63987640764822
2016-09-02T17:59:59Z,84.19737883764594,65.60484637377934
2016-09-02T18:59:59Z,82.61447448358899,64.16606119431569
2016-09-02T19:59:59Z,84.15952088983649,65.68521495645263
2016-09-02T20:59:59Z,84.507518089761,64.85681302047688
2016-09-02T21:59:59Z,84.93209195210524,65.74732958292455
2016-09-02T22:59:59Z,83.93571620937949,63.870790202643065
2016-09-02T23:59:59Z,83.21939651484037,62.29607679612752
2016-09-03T00:59:59Z,81.8503845747258,60.60124715107606
2016-09-03T01:59:59Z,81.93564318433697,59.869106042522034
2016-09-03T02:59:59Z,82.05474763231497,60.73666720486459
2016-09-03T03:59:59Z,84.54760374991115,64.34201165872283
2016-09-03T04:59:59Z,83.52707926938876,64.1702172191868
2016-09-03T05:59:59Z,82.73532169499651,62.90897831412243
2016-09-03T06:59:59Z,84.6910067764192,65.04332268910964
2016-09-03T07:59:59Z,85.46433290102713,65.2725638306984
2016-09-03T08:59:59Z,83.99611137791395,64.40032700212093
2016-09-03T09:59:59Z,81.40975405967508,60.25016755910875
2016-09-03T10:59:59Z,82.94423996625994,61.121181915808975
2016-09-03T11:59:59Z,84.00267340812844,63.41257264056887
2016-09-03T12:59:59Z,82.42913350898193,61.97124382696566
2016-09-03T13:59:59Z,83.9669513357258,64.26656146321301
2016-09-03T14:59:59Z,83.05792466044811,63.24569793796578
2016-09-03T15:59:59Z,81.7332120997715,61.45010659504175
2016-09-03T16:59:59Z,81.35468382818415,61.86586584111956
2016-09-03T17:59:59Z,80.7071587543472,61.33639247498728
2016-09-03T18:59:59Z,81.19135041536474,60.113170166879364
2016-09-03T19:59:59Z,80.68352364664743,60.469613035892195
2016-09-03T20:59:59Z,82.6891431902552,64.06066798170838
2016-09-03T21:59:59Z,81.65669180154735,63.34561422825436
2016-09-03T22:59:59Z,82.29446010216988,63.31286280070414
2016-09-03T23:59:59Z,82.37368845662115,62.91521453534094
2016-09-04T00:59:59Z,81.68675692687889,62.87372659945291
2016-09-04T01:59:59Z,81.33939377865936,62.487381213280855
2016-09-04T02:59:59Z,81.42342216837717,62.930496780421954
2016-09-04T03:59:59Z,81.21242526089083,61.872838534023444
2016-09-04T04:59:59Z,83.50355314287805,64.14509840556548
2016-09-04T05:59:59Z,79.04840782335157,61.29075659173442
2016-09-04T06:59:59Z,84.68429165226404,66.79804252483582
2016-09-04T07:59:59Z,83.33722254945172,64.14709223999367
2016-09-04T08:59:59Z,83.1375863052327,63.803132030748834
2016-09-04T09:59:59Z,81.75841238808358,63.38532719722419
2016-09-04T10:59:59Z,81.31246048470348,63.091165478698876
2016-09-04T11:59:59Z,81.53356521937242,62.92443911438233
2016-09-04T12:59:59Z,80.1227695681261,61.46947554640716
2016-09-04T13:59:59Z,84.6600944219327,67.16516579250327
2016-09-04T14:59:59Z,84.62719584009932,67.53286610025086
2016-09-04T15:59:59Z,83.32937174935346,65.28388648088075
2016-09-04T16:59:59Z,84.06363134528702,65.72715819015355
2016-09-04T17:59:59Z,82.40410208490313,64.27318443035394
2016-09-04T18:59:59Z,79.93271546249815,62.309807027884744
2016-09-04T19:59:59Z,83.10353663748971,65.43402596099651
2016-09-04T20:59:59Z,82.10853930869611,64.9888067295845
2016-09-04T21:59:59Z,81.30586552275014,62.58731370281967
2016-09-04T22:59:59Z,81.9566619245046,64.4477754040614
2016-09-04T23:59:59Z,81.47871592101558,64.75123919000482
2016-09-05T00:59:59Z,80.43963597555172,63.543716867314075
2016-09-05T01:59:59Z,81.01044985397242,62.91140303632383
2016-09-05T02:59:59Z,77.41383061170605,59.43692983529448
2016-09-05T03:59:59Z,83.03966747415585,65.82894136147857
2016-09-05T04:59:59Z,82.66387797606248,64.90351047127868
2016-09-05T05:59:59Z,81.6850020383795,63.54454567685413
2016-09-05T06:59:59Z,80.60930249259518,62.45570608632002
2016-09-05T07:59:59Z,80.93142193562444,61.66315418680055
2016-09-05T08:59:59Z,81.51699729632595,62.6698473387758
2016-09-05T09:59:59Z,84.7124805171773,67.30243409620776
2016-09-05T10:59:59Z,86.0007986279199,68.83986069721328
2016-09-05T11:59:59Z,85.09860200411741,65.47241719681799
2016-09-05T12:59:59Z,83.41362653788588,64.85340685416419
2016-09-05T13:59:59Z,83.43680584384524,65.32044387374319
2016-09-05T14:59:59Z,85.2130978319807,67.70803056406282
2016-09-05T15:59:59Z,85.09857361346502,68.30805746804862
2016-09-05T16:59:59Z,86.00173482653527,69.87402319674203
2016-09-05T17:59:59Z,86.11955589130143,68.48078857396362
2016-09-05T18:59:59Z,84.74008433734046,67.03599998696738
2016-09-05T19:59:59Z,84.9446083957277,68.11837928255626
2016-09-05T20:59:59Z,86.07845890820009,70.38648233865115
2016-09-05T21:59:59Z,86.5176912865417,69.40741844450015
2016-09-05T22:59:59Z,83.89314342236833,66.17360148434328
2016-09-05T23:59:59Z,85.54092643810901,68.5632953260478
2016-09-06T00:59:59Z,85.64252076509763,69.37388145252476
2016-09-06T01:59:59Z,87.29213532554303,71.71489706902042
2016-09-06T02:59:59Z,87.45339000776475,71.05763364518994
2016-09-06T03:59:59Z,87.73245637928818,70.97367542968196
2016-09-06T04:59:59Z,86.70713616623628,68.13783021205595
2016-09-06T05:59:59Z,86.29399243207043,68.28705549766515
2016-09-06T06:59:59Z,85.90328758427302,67.89145853172052
2016-09-06T07:59:59Z,86.04003178544946,67.81074231414692
2016-09-06T08:59:59Z,83.08187883982971,63.97087868939328
2016-09-06T09:59:59Z,80.88761573269325,62.887571115143864
2016-09-06T10:59:59Z,86.5779758284126,69.42691916379162
2016-09-06T11:59:59Z,86.48914284632696,67.96408958003471
2016-09-06T12:59:59Z,85.97708353815445,67.0093962776963
2016-09-06T13:59:59Z,86.07806150098891,66.28725573984549
2016-09-06T14:59:59Z,86.02979700283989,66.80402094323128
2016-09-06T15:59:59Z,85.94733794019305,66.21180554497639
2016-09-06T16:59:59Z,83.66109659784098,64.83080995266019
2016-09-06T17:59:59Z,85.76069816224135,67.23552627089613
2016-09-06T18:59:59Z,87.43510229374124,69.24543326963712
2016-09-06T19:59:59Z,86.71935632927683,66.97039424535423
2016-09-06T20:59:59Z,86.5540069122306,67.1550299170099
2016-09-06T21:59:59Z,84.25644834129648,65.81666217234506
2016-09-06T22:59:59Z,85.78305012859478,67.60481348418881
2016-09-06T23:59:59Z,86.03370257930607,67.68052486023905
2016-09-07T00:59:59Z,85.56622961947056,66.5701419754917
2016-09-07T01:59:59Z,84.92289785660924,66.20200816539432
2016-09-07T02:59:59Z,81.36499222518796,62.65632370021652
2016-09-07T03:59:59Z,85.96565458458281,68.11620478487147
2016-09-07T04:59:59Z,87.00062222951938,69.45325670673445
2016-09-07T05:59:59Z,86.94601705217819,69.26916513010316
2016-09-07T06:59:59Z,86.62832905825144,67.92614628805455
2016-09-07T07:59:59Z,85.64610200886034,66.63817878729978
2016-09-07T08:59:59Z,86.32804739445764,67.19945798411472
2016-09-07T09:59:59Z,86.48075985160368,67.99606265591184
2016-09-07T10:59:59Z,87.02140350764331,68.31117815344518
2016-09-07T11:59:59Z,87.17003522062225,68.51340901621495
2016-09-07T12:59:59Z,87.30597346979009,67.78545840364247
2016-09-07T13:59:59Z,86.14999233260748,66.34323852545532
2016-09-07T14:59:59Z,85.86300958448601,65.36755943735871
2016-09-07T15:59:59Z,85.87425825339183,65.97278221961534
2016-09-07T16:59:59Z,86.02324714099818,66.48036506459124
2016-09-07T17:59:59Z,85.8420803038908,65.92525666642484
2016-09-07T18:59:59Z,85.83740402708311,66.20334948490131
2016-09-07T19:59:59Z,84.14071570057091,64.52075346912775
2016-09-07T20:59:59Z,84.08589414294373,64.82235148403379
2016-09-07T21:59:59Z,85.39346055291922,66.66573757424821
2016-09-07T22:59:59Z,86.6896325332073,68.52080941435067
2016-09-07T23:59:59Z,87.04460955662944,68.87514570763797
2016-09-08T00:59:59Z,85.29581171784521,66.1860690873483
2016-09-08T01:59:59Z,78.20329875070342,59.76016362904685
2016-09-08T02:59:59Z,79.15813846049446,62.054270541921674
2016-09-08T03:59:59Z,79.24910408677333,62.12419699747719
2016-09-08T04:59:59Z,84.69509291432972,68.05641922005441
2016-09-08T05:59:59Z,85.49532120877046,68.62236788113364
2016-09-08T06:59:59Z,85.41191022890126,67.76303853591179
2016-09-08T07:59:59Z,84.65134754202883,66.22647404388522
2016-09-08T08:59:59Z,84.13604898361723,65.92927935356198
2016-09-08T09:59:59Z,84.07521168026936,64.50566090033784
2016-09-08T10:59:59Z,84.18045092571752,65.06522020708482
2016-09-08T11:59:59Z,85.07580926550366,66.31347686979642
2016-09-08T12:59:59Z,79.14498531974878,60.23112560689544
2016-09-08T13:59:59Z,78.53841183804957,59.03493508775276
2016-09-08T14:59:59Z,84.04344225227125,66.28612942025362
2016-09-08T15:59:59Z,83.83637244647608,65.51049070552148
2016-09-08T16:59:59Z,84.68663779094776,64.4773381461206
2016-09-08T17:59:59Z,85.8720118998268,66.09296639967141
2016-09-08T18:59:59Z,86.46888442794,67.32933802073926
2016-09-08T19:59:59Z,84.70700763178309,64.63505097063407
2016-09-08T20:59:59Z,86.57805055185304,67.24489415164355
2016-09-08T21:59:59Z,86.72427477151747,67.94667600412323
2016-09-08T22:59:59Z,86.79704652544699,67.08146013700741
2016-09-08T23:59:59Z,85.80755858561525,66.40732748279282
2016-09-09T00:59:59Z,85.75107364069443,65.47373489121986
2016-09-09T01:59:59Z,86.18769270648981,67.15063104352255
2016-09-09T02:59:59Z,85.59534935738729,65.39967094674464
2016-09-09T03:59:59Z,85.37693597304492,64.54760371726073
2016-09-09T04:59:59Z,83.78015554841772,63.24997267607294
2016-09-09T05:59:59Z,83.84462954498727,63.994486077291036
2016-09-09T06:59:59Z,79.11794900532362,60.635503387092996
2016-09-09T07:59:59Z,86.18053111531451,67.76719007327681
2016-09-09T08:59:59Z,85.2716841254226,66.23304754660559
2016-09-09T09:59:59Z,84.74456649508785,64.37828477124829
2016-09-09T10:59:59Z,84.71834164805215,65.95783774715504
2016-09-09T11:59:59Z,84.44412523712555,65.7295102486245
2016-09-09T12:59:59Z,85.59064906971832,66.84957137701035
2016-09-09T13:59:59Z,85.78395210203774,66.52091785093788
2016-09-09T14:59:59Z,85.44765943140577,65.80010065008848
2016-09-09T15:59:59Z,84.57040819817895,64.57683991897993
2016-09-09T16:59:59Z,85.51929349979685,65.87093991431797
2016-09-09T17:59:59Z,85.99221513281458,66.95716942432803
2016-09-09T18:59:59Z,85.61639388863985,67.25613609611035
2016-09-09T19:59:59Z,85.21991061052371,67.97878452022846
2016-09-09T20:59:59Z,86.0477964895689,67.9136889446426
2016-09-09T21:59:59Z,86.26035234880685,67.36673127472675
2016-09-09T22:59:59Z,85.00482746594734,65.08641029783779
2016-09-09T23:59:59Z,85.353580148468,66.11652435510865
2016-09-10T00:59:59Z,85.58999445932564,66.29421591072114
2016-09-10T01:59:59Z,85.53649268357465,66.11610800613902
2016-09-10T02:59:59Z,85.53241998125638,66.38413581407148
2016-09-10T03:59:59Z,86.07949978282568,67.92163085889979
2016-09-10T04:59:59Z,86.17565613554683,67.71294338636719
2016-09-10T05:59:59Z,84.76529993430728,65.44282949714798
2016-09-10T06:59:59Z,86.1018865415108,66.49870679827805
2016-09-10T07:59:59Z,86.30526779775748,66.63671074813331
2016-09-10T08:59:59Z,85.61443871972688,65.81672139230615
2016-09-10T09:59:59Z,85.84304598825845,67.13675313596899
2016-09-10T10:59:59Z,86.24662408605941,68.29222445251791
2016-09-10T11:59:59Z,86.08897894728103,68.06903476085375
2016-09-10T12:59:59Z,86.13278603973458,65.81110628955051
2016-09-10T13:59:59Z,86.07410123482138,66.83845954561684
2016-09-10T14:59:59Z,86.18437867233597,67.15269013936933
2016-09-10T15:59:59Z,86.33450582489907,67.23409584628254
2016-09-10T16:59:59Z,86.46722349582456,67.36121430372762
2016-09-10T17:59:59Z,86.73150266151573,68.22744927187055
2016-09-10T18:59:59Z,87.22377268155124,67.98450502166101
2016-09-10T19:59:59Z,84.60296286818037,64.78574687778682
2016-09-10T20:59:59Z,85.44961517133129,65.84488690301554
2016-09-10T21:59:59Z,86.63078000850085,66.58397768340524
2016-09-10T22:59:59Z,86.9443777561981,67.73464964560696
2016-09-10T23:59:59Z,85.62662871313812,66.97154945701064
2016-09-11T00:59:59Z,85.76974785767966,66.40806693021636
2016-09-11T01:59:59Z,86.42152130707001,67.41498670575204
2016-09-11T02:59:59Z,85.80315685971975,67.39870211433019
2016-09-11T03:59:59Z,85.88091641869362,66.91757917000024
2016-09-11T04:59:59Z,82.00777204610704,61.87804103278339
2016-09-11T05:59:59Z,76.84517946817188,54.538965994909645
2016-09-11T06:59:59Z,76.41189682739265,54.05450816498438
2016-09-11T07:59:59Z,75.9675154519869,54.09330522005377
2016-09-11T08:59:59Z,75.55782050887281,54.082068425600085
2016-09-11T09:59:59Z,75.02929567499318,54.064577763629785
2016-09-11T10:59:59Z,74.14292799850072,51.901427775829276
2016-09-11T11:59:59Z,75.44430197997661,52.78175128741445
2016-09-11T12:59:59Z,75.13447806538694,53.15208706919582
2016-09-11T13:59:59Z,74.77491230048908,53.104053901333906
2016-09-11T14:59:59Z,76.97604026627563,57.52883366612178
2016-09-11T15:59:59Z,81.3072772448804,59.81462904808078
2016-09-11T16:59:59Z,81.37593880681091,61.18830192091472
2016-09-11T17:59:59Z,80.76532104885642,61.10909284666853
2016-09-11T18:59:59Z,82.06208910667958,63.65594125230166
2016-09-11T19:59:59Z,75.89274954002651,55.856591774714985
2016-09-11T20:59:59Z,73.6862514279122,52.548731894290995
2016-09-11T21:59:59Z,74.45366598716508,53.23299422737143
2016-09-11T22:59:59Z,74.55803450859777,53.9149448770956
2016-09-11T23:59:59Z,74.28386043292737,53.48574741854886
2016-09-12T00:59:59Z,75.19031602835695,55.616523807946656
2016-09-12T01:59:59Z,79.2200068159025,58.68386222639612
2016-09-12T02:59:59Z,82.04246118809253,62.115982946549416
2016-09-12T03:59:59Z,82.63261241838693,63.61708604255667
2016-09-12T04:59:59Z,82.58834336385208,64.1326077079396
2016-09-12T05:59:59Z,83.50886878067185,65.57846121216281
2016-09-12T06:59:59Z,84.05359557043688,65.92644971093198
2016-09-12T07:59:59Z,83.14319064823417,66.01315794912252
2016-09-12T08:59:59Z,82.41563717408609,65.5347514528305
2016-09-12T09:59:59Z,83.15719537761795,65.6106389722957
2016-09-12T10:59:59Z,83.8335986007463,66.90057571083538
2016-09-12T11:59:59Z,84.52697301911013,67.68498271433748
2016-09-12T12:59:59Z,83.81347004732136,67.04985387693975
2016-09-12T13:59:59Z,83.05268950281057,66.10203175842851
2016-09-12T14:59:59Z,83.96704058403553,66.62828414446568
2016-09-12T15:59:59Z,84.41095486559315,67.13507302597158
2016-09-12T16:59:59Z,84.79675728216696,68.64950373860657
2016-09-12T17:59:59Z,83.43467126804039,67.51974616956856
2016-09-12T18:59:59Z,85.78114176578237,70.65061580959177
2016-09-12T19:59:59Z,85.2156714069433,69.4822540945822
2016-09-12T20:59:59Z,83.4004663167866,66.77577691727667
2016-09-12T21:59:59Z,82.87610264687986,66.24766267456181
2016-09-12T22:59:59Z,83.29240752047296,66.45940898509663
2016-09-12T23:59:59Z,83.86279171549951,66.40438399575046
2016-09-13T00:59:59Z,85.0435163076727,67.29657193196638
2016-09-13T01:59:59Z,85.64440025165698,68.55347652808692
2016-09-13T02:59:59Z,84.274408514587,67.61869733981666
2016-09-13T03:59:59Z,83.28075418058005,66.8944798916502
2016-09-13T04:59:59Z,84.79569524613564,68.2128151584445
2016-09-13T05:59:59Z,85.1253997645084,67.93439726863087
2016-09-13T06:59:59Z,83.7740798860785,66.38896250823208
2016-09-13T07:59:59Z,83.23557204434941,65.56858705052925
2016-09-13T08:59:59Z,85.54628087968872,69.23854266609084
2016-09-13T09:59:59Z,85.33153426762769,69.33188866086854
2016-09-13T10:59:59Z,84.73897056561081,68.48011984441807
2016-09-13T11:59:59Z,84.29052029247643,68.02690938432612
2016-09-13T12:59:59Z,85.13228476202589,68.45138318908798
2016-09-13T13:59:59Z,85.93789528857191,69.2899689447375
2016-09-13T14:59:59Z,85.77377827131852,69.46513089230534
2016-09-13T15:59:59Z,84.52140185007634,68.71390781509533
2016-09-13T16:59:59Z,84.18789539505383,67.23698677502351
2016-09-13T17:59:59Z,84.67807277739398,68.80705856242238
2016-09-13T18:59:59Z,84.86188307467005,68.28372456674063
2016-09-13T19:59:59Z,85.16928594263247,68.38215270192035
2016-09-13T20:59:59Z,85.26820281412569,67.92622952660241
2016-09-13T21:59:59Z,75.84475100073774,57.894769127042736
2016-09-13T22:59:59Z,75.03796551271128,54.88175028510251
2016-09-13T23:59:59Z,75.57300811013585,54.35148247971966
2016-09-14T00:59:59Z,75.66981522866821,55.149179841259205
2016-09-14T01:59:59Z,75.35321751795662,55.26060030754991
2016-09-14T02:59:59Z,74.89752832385948,55.323885018877235
2016-09-14T03:59:59Z,74.91687764927251,53.03947942646901
2016-09-14T04:59:59Z,75.20571923313203,53.17975568422898
2016-09-14T05:59:59Z,75.07837711739384,53.011904201295444
2016-09-14T06:59:59Z,75.27698791615683,53.00146640793159
2016-09-14T07:59:59Z,75.01231421626511,53.18376995303197
2016-09-14T08:59:59Z,74.56136789550867,52.15733312292017
2016-09-14T09:59:59Z,75.00267568901133,52.51081619016717
2016-09-14T10:59:59Z,75.1278780473721,53.14932570772325
2016-09-14T11:59:59Z,75.3153370154801,53.45697169486213
2016-09-14T12:59:59Z,75.23874363234354,53.37850053782208
2016-09-14T13:59:59Z,75.10369960157448,53.399596683849694
2016-09-14T14:59:59Z,75.36005945015756,52.960957619534916
2016-09-14T15:59:59Z,76.05534631331251,57.064956718983886
2016-09-14T16:59:59Z,79.10194428649855,60.066124047003235
2016-09-14T17:59:59Z,79.29464311002516,57.804475466455706
2016-09-14T18:59:59Z,78.75504073647424,57.866608972834214
2016-09-14T19:59:59Z,79.39851551759045,59.51654865913731
2016-09-14T20:59:59Z,81.64138164819643,63.416033814129456
2016-09-14T21:59:59Z,81.366559708293,61.9315473160009
2016-09-14T22:59:59Z,79.94583849742354,62.10806874236156
2016-09-14T23:59:59Z,81.01813063972989,62.123582338108264
2016-09-15T00:59:59Z,83.0593462131845,66.17122659026677
2016-09-15T01:59:59Z,81.28891278333299,65.82368349648051
2016-09-15T02:59:59Z,81.39229347858326,66.01780531758659
2016-09-15T03:59:59Z,84.04353087464173,69.18843292257046
2016-09-15T04:59:59Z,84.3952141081238,68.33221876613396
2016-09-15T05:59:59Z,84.4199859533481,68.52375158531602
2016-09-15T06:59:59Z,84.21239441390391,68.23036895586863
2016-09-15T07:59:59Z,84.3203716424127,67.9773405138673
2016-09-15T08:59:59Z,84.50636973099738,68.28958937580589
2016-09-15T09:59:59Z,85.73976272508908,69.12005047819736
2016-09-15T10:59:59Z,84.49806891328727,68.8550320784704
2016-09-15T11:59:59Z,84.767476526333,68.8606868070236
2016-09-15T12:59:59Z,84.99592998728049,69.65552869654756
2016-09-15T13:59:59Z,85.59709875929775,70.49992287708041
2016-09-15T14:59:59Z,85.0925473203165,68.46230635154049
2016-09-15T15:59:59Z,84.64580425103948,66.62301940083074
2016-09-15T16:59:59Z,84.38959152038645,67.81305809982875
2016-09-15T17:59:59Z,85.89764349907749,68.9080381864266
2016-09-15T18:59:59Z,85.48054975737746,67.97936149387834
2016-09-15T19:59:59Z,85.02245301983157,66.63380470366992
2016-09-15T20:59:59Z,84.32192088917175,66.35110651243629
2016-09-15T21:59:59Z,84.33194202712973,66.45111336854094
2016-09-15T22:59:59Z,85.06113942221477,67.55195757489751
2016-09-15T23:59:59Z,84.69650576942621,67.96526258472575
2016-09-16T00:59:59Z,85.08355408917471,67.19246645392204
2016-09-16T01:59:59Z,84.4754123796565,66.73642363763928
2016-09-16T02:59:59Z,85.86238853876453,68.0822038005117
2016-09-16T03:59:59Z,85.20894071861584,67.6803065513581
2016-09-16T04:59:59Z,85.84269954071465,67.56707322547597
2016-09-16T05:59:59Z,85.89060049325893,68.22716005548826
2016-09-16T06:59:59Z,87.03251710006413,69.57475280365598
2016-09-16T07:59:59Z,83.87766956925365,63.376472007085354
2016-09-16T08:59:59Z,76.03496775152296,56.27915016473076
2016-09-16T09:59:59Z,76.94349815444082,55.86901693411235
2016-09-16T10:59:59Z,76.39835881349536,55.70292100196023
2016-09-16T11:59:59Z,75.82129694400044,55.32709365712216
2016-09-16T12:59:59Z,77.01021584865514,57.70075447890498
2016-09-16T13:59:59Z,83.39431009536385,61.95927366146131
2016-09-16T14:59:59Z,84.0266983296397,63.315820820612124
2016-09-16T15:59:59Z,84.92162632766248,66.29277602049288
2016-09-16T16:59:59Z,84.98996299603097,66.81194948046227
2016-09-16T17:59:59Z,83.78782353430607,63.88195079355098
2016-09-16T18:59:59Z,83.87917032753695,63.51931942531683
2016-09-16T19:59:59Z,83.71345751341512,61.92120996314062
2016-09-16T20:59:59Z,84.17221650815348,63.25384565764273
2016-09-16T21:59:59Z,84.38167491577222,65.43177584527452
2016-09-16T22:59:59Z,85.47150152323871,67.16079401072018
2016-09-16T23:59:59Z,84.46613959843684,66.59439906559204
2016-09-17T00:59:59Z,84.43641262684947,67.11503988185248
2016-09-17T01:59:59Z,85.84614811392673,68.11562969159579
2016-09-17T02:59:59Z,86.09328018783755,68.61339461789603
2016-09-17T03:59:59Z,86.75810454541983,67.7558586812117
2016-09-17T04:59:59Z,86.45762773161346,69.2477143246091
2016-09-17T05:59:59Z,85.13367439657408,67.17023007371702
2016-09-17T06:59:59Z,86.80966112986619,69.8211140338424
2016-09-17T07:59:59Z,86.7272626997692,69.42354004120729
2016-09-17T08:59:59Z,86.6838178606139,68.23839528346055
2016-09-17T09:59:59Z,86.28950476448468,68.98119849752139
2016-09-17T10:59:59Z,86.07911197370193,67.77607128297356
2016-09-17T11:59:59Z,86.9306686280964,68.02085263110109
2016-09-17T12:59:59Z,87.98289474737017,70.45151038531478
2016-09-17T13:59:59Z,88.04024204557807,69.44407042938046
2016-09-17T14:59:59Z,88.09035373616892,69.48267507526896
2016-09-17T15:59:59Z,87.97296772465636,71.22617369659237
2016-09-17T16:59:59Z,87.97035488125762,70.55221514950524
2016-09-17T17:59:59Z,86.98345601766499,69.95814224131861
2016-09-17T18:59:59Z,86.41380093795807,67.71386928900927
2016-09-17T19:59:59Z,86.78157510774882,67.47643025824208
2016-09-17T20:59:59Z,85.85640759611015,67.66136755331135
2016-09-17T21:59:59Z,86.08765033868428,68.67178699008917
2016-09-17T22:59:59Z,85.54324711066984,67.60826480779527
2016-09-17T23:59:59Z,85.7600194638447,67.98869811382214
2016-09-18T00:59:59Z,84.4814430952707,67.0826339926235
2016-09-18T01:59:59Z,84.43660471044586,66.28305303349019
2016-09-18T02:59:59Z,84.30524998147158,66.3746446130853
2016-09-18T03:59:59Z,86.06337010299042,68.73521551364949
2016-09-18T04:59:59Z,86.21916302088779,68.54079104984766
2016-09-18T05:59:59Z,85.9786652131552,68.49905495117643
2016-09-18T06:59:59Z,85.76400212095551,68.53019022772926
2016-09-18T07:59:59Z,85.87220094358524,69.62939322298928
2016-09-18T08:59:59Z,85.93422270128282,68.57907851824456
2016-09-18T09:59:59Z,86.68423502853256,68.64273327035409
2016-09-18T10:59:59Z,86.90184305988821,69.70456397568083
2016-09-18T11:59:59Z,85.62094318477314,67.4583309722085
2016-09-18T12:59:59Z,84.62527794611576,64.54588830863985
2016-09-18T13:59:59Z,84.28279386291835,61.54022636546151
2016-09-18T14:59:59Z,84.25610688941902,61.76504963316225
2016-09-18T15:59:59Z,85.05326340028263,62.96690268509768
2016-09-18T16:59:59Z,85.51968884809048,65.35734456691661
2016-09-18T17:59:59Z,85.47856069447,64.4342523824143
2016-09-18T18:59:59Z,85.34654492375357,63.169620844486644
2016-09-18T19:59:59Z,84.40197798163122,63.018736821676335
2016-09-18T20:59:59Z,83.37642040717414,62.45249013150106
2016-09-18T21:59:59Z,83.3591331960558,62.24634929271445
2016-09-18T22:59:59Z,83.73807375853005,62.61859840691189
2016-09-18T23:59:59Z,84.15712936099978,63.18575179784529
2016-09-19T00:59:59Z,84.83453710588107,62.865837721191525
2016-09-19T01:59:59Z,84.90889927152068,64.82729692349515
2016-09-19T02:59:59Z,85.34523052956217,64.80987489468357
2016-09-19T03:59:59Z,84.87776365181394,63.975800815134136
2016-09-19T04:59:59Z,84.59527895883035,63.842738022877285
2016-09-19T05:59:59Z,83.93378668682243,62.794011384803525
2016-09-19T06:59:59Z,85.47180063665662,65.37124301323354
2016-09-19T07:59:59Z,85.2207137333803,64.54484691338978
2016-09-19T08:59:59Z,85.32393918648718,63.906590794616804
2016-09-19T09:59:59Z,85.89085942094668,62.579705429921695
2016-09-19T10:59:59Z,85.63756488690944,62.77788297017464
2016-09-19T11:59:59Z,84.76224908395936,63.555210192971494
2016-09-19T12:59:59Z,85.3185856934738,64.13912813314909
2016-09-19T13:59:59Z,85.32029925050175,65.18460844944968
2016-09-19T14:59:59Z,86.24614286347462,65.59151772268143
2016-09-19T15:59:59Z,85.68585162785867,64.78643392384184
2016-09-19T16:59:59Z,86.10614606329695,65.74275817674547
2016-09-19T17:59:59Z,85.92437763962623,65.83984873810168
2016-09-19T18:59:59Z,84.99426399891377,65.2423919540493
2016-09-19T19:59:59Z,85.36435229525641,64.2915609611358
2016-09-19T20:59:59Z,85.42135639977238,64.09617863121393
2016-09-19T21:59:59Z,85.9069477796819,64.97813411952082
2016-09-19T22:59:59Z,85.75573678070425,65.43093368488802
2016-09-19T23:59:59Z,85.29907332828502,65.8133895981523
2016-09-20T00:59:59Z,85.29083603252563,64.55490964818543
2016-09-20T01:59:59Z,84.340159599984,63.08365843458528
2016-09-20T02:59:59Z,84.25970782740835,63.29331106640619
2016-09-20T03:59:59Z,84.67414436327466,64.26646838612137
2016-09-20T04:59:59Z,84.45360799869381,64.68579250322249
2016-09-20T05:59:59Z,85.49102270179112,66.87882668382439
2016-09-20T06:59:59Z,84.68314923810101,65.52160265640622
2016-09-20T07:59:59Z,84.85847936399456,65.5583009411009
2016-09-20T08:59:59Z,85.05245527513192,66.98285062701011
2016-09-20T09:59:59Z,86.64708424803757,68.36525700938749
2016-09-20T10:59:59Z,86.79223202661665,67.54950354971004
2016-09-20T11:59:59Z,86.62669918238397,68.4951802581457
2016-09-20T12:59:59Z,86.42108139163116,69.01028933711832
2016-09-20T13:59:59Z,86.1524636761928,67.88690240773653
2016-09-20T14:59:59Z,85.1862887271218,66.25518228515298
2016-09-20T15:59:59Z,86.17282559246867,68.3815609489153
2016-09-20T16:59:59Z,85.90497275373089,67.61761797670137
2016-09-20T17:59:59Z,86.50256434680175,67.10992523460214
2016-09-20T18:59:59Z,86.59383940108967,66.62560337860903
2016-09-20T19:59:59Z,85.5188459194605,65.68277753206783
2016-09-20T20:59:59Z,85.40939134265432,68.14634259871058
2016-09-20T21:59:59Z,85.1237040808192,68.12503233578393
2016-09-20T22:59:59Z,85.28093595996977,68.39343513608277
2016-09-20T23:59:59Z,86.69063371605937,67.72537446300673
2016-09-21T00:59:59Z,85.97927593395029,67.15367512041364
2016-09-21T01:59:59Z,85.60324680046938,66.17597138121506
2016-09-21T02:59:59Z,86.09352614035323,67.74397758557265
2016-09-21T03:59:59Z,85.28016040026513,65.77000406289406
2016-09-21T04:59:59Z,85.31642399588611,66.57756765389207
2016-09-21T05:59:59Z,85.07976233602824,65.68641819276915
2016-09-21T06:59:59Z,85.74368773355455,67.45300114376231
2016-09-21T07:59:59Z,86.27876673300256,68.73012588063955
2016-09-21T08:59:59Z,86.32868487949304,69.65836057522012
2016-09-21T09:59:59Z,84.91989100076431,68.02393144736938
2016-09-21T10:59:59Z,85.2175829600972,68.12146598617795
2016-09-21T11:59:59Z,85.64960929111975,68.55775270107486
2016-09-21T12:59:59Z,77.97019381629933,61.43318584138793
2016-09-21T13:59:59Z,76.85260018367633,59.762926987059615
2016-09-21T14:59:59Z,80.24839901128496,65.636389141164
2016-09-21T15:59:59Z,84.3685839139988,68.3689507298372
2016-09-21T16:59:59Z,85.79846904547692,67.26371410721856
2016-09-21T17:59:59Z,86.15487887392021,68.8411856749576
2016-09-21T18:59:59Z,86.60914352027054,70.33268928527485
2016-09-21T19:59:59Z,85.80571351990454,68.37959179093392
2016-09-21T20:59:59Z,84.49080547143411,68.1249740374785
2016-09-21T21:59:59Z,84.48178220253207,67.43386142150888
2016-09-21T22:59:59Z,86.50571997632149,69.94596566950499
2016-09-21T23:59:59Z,86.51676402216769,70.51159813879252
2016-09-22T00:59:59Z,85.87496193542115,69.33205330897604
2016-09-22T01:59:59Z,85.45289512487516,66.98319976863586
2016-09-22T02:59:59Z,86.11554195875898,67.8824685609405
2016-09-22T03:59:59Z,86.47020154875139,69.18129288141895
2016-09-22T04:59:59Z,87.05024982043913,70.65419584851048
2016-09-22T05:59:59Z,87.38986530996873,70.55265752156728
2016-09-22T06:59:59Z,86.90687365444046,69.79679435452886
2016-09-22T07:59:59Z,86.47850486085186,68.32740026026978
2016-09-22T08:59:59Z,87.07216140340194,69.060986657055
2016-09-22T09:59:59Z,85.7912928617501,69.08420238119636
2016-09-22T10:59:59Z,86.12625761867726,68.30693424125921
2016-09-22T11:59:59Z,85.7467555344379,69.31811601051507
2016-09-22T12:59:59Z,87.38404178989128,70.47590654446607
2016-09-22T13:59:59Z,87.74354248339618,69.4297693535031
2016-09-22T14:59:59Z,87.52665227603275,69.5525150224192
2016-09-22T15:59:59Z,87.21829297865789,69.928841752844
2016-09-22T16:59:59Z,87.35149579146473,70.16995137498976
2016-09-22T17:59:59Z,88.11245651995559,70.5582544068514
2016-09-22T18:59:59Z,87.6497056093662,66.71959347596454
2016-09-22T19:59:59Z,79.03985750327111,54.82360964813384
2016-09-22T20:59:59Z,79.58528728441951,54.46529506902763
2016-09-22T21:59:59Z,78.85932431886955,54.10735432659814
2016-09-22T22:59:59Z,79.16336483645959,56.437997453006886
2016-09-22T23:59:59Z,78.97135343253342,56.50865735755559
2016-09-23T00:59:59Z,79.11773673061992,55.62894042458083
2016-09-23T01:59:59Z,79.22110289120751,55.045508240715534
2016-09-23T02:59:59Z,79.14844024815328,54.660146851057355
2016-09-23T03:59:59Z,78.83272812857494,54.289046778964696
2016-09-23T04:59:59Z,78.68060193559924,54.27423555481416
2016-09-23T05:59:59Z,78.54415889331923,54.352264089149394
2016-09-23T06:59:59Z,78.44040991548263,54.36708879632176
2016-09-23T07:59:59Z,78.61875295802857,54.33356848071045
2016-09-23T08:59:59Z,78.76548819670336,54.59493089331602
2016-09-23T09:59:59Z,78.47302555087595,54.292307878571776
2016-09-23T10:59:59Z,78.40759207398266,54.259806087622856
2016-09-23T11:59:59Z,78.4082429157409,54.50704047595259
2016-09-23T12:59:59Z,78.41425323818889,54.584715960781985
2016-09-23T13:59:59Z,78.54643206654505,54.72275888115155
2016-09-23T14:59:59Z,78.17775169310194,54.608931130327065
2016-09-23T15:59:59Z,78.23560443159926,54.51907828465421
2016-09-23T16:59:59Z,78.13727377078988,54.517814250819896
2016-09-23T17:59:59Z,78.19067935775504,54.531608193552614
2016-09-23T18:59:59Z,78.7119379020403,54.30027741132141
2016-09-23T19:59:59Z,79.03156978524987,54.75699837447875
2016-09-23T20:59:59Z,78.77689382515688,54.43577541396831
2016-09-23T21:59:59Z,78.93416963335473,55.132645079394564
2016-09-23T22:59:59Z,79.10021755552486,55.038287624103454
2016-09-23T23:59:59Z,78.87189576066615,55.40580493818039
2016-09-24T00:59:59Z,78.89461223606251,55.205777034209724
2016-09-24T01:59:59Z,78.96341960517204,55.305809280771655
2016-09-24T02:59:59Z,79.02152476507803,55.638297077552906
2016-09-24T03:59:59Z,79.09944882488605,55.6599838104812
2016-09-24T04:59:59Z,79.61580880547795,56.04575486995677
2016-09-24T05:59:59Z,79.80009953983033,56.2041195349589
2016-09-24T06:59:59Z,79.91969430237576,56.33889781900152
2016-09-24T07:59:59Z,79.90226241759171,56.2372616478508
2016-09-24T08:59:59Z,80.0663925163733,56.48866368074513
2016-09-24T09:59:59Z,79.59393847229533,55.89249314897116
2016-09-24T10:59:59Z,79.59423876847175,56.25362673393234
2016-09-24T11:59:59Z,80.07424017278302,56.49695976631721
2016-09-24T12:59:59Z,80.16693220921549,56.51276243490776
2016-09-24T13:59:59Z,80.18808065743575,56.681298662401204
2016-09-24T14:59:59Z,80.05185325233583,56.29787381225147
2016-09-24T15:59:59Z,79.8482116828023,55.96536058563781
2016-09-24T16:59:59Z,79.87291645669376,55.809496794994146
2016-09-24T17:59:59Z,79.18888838396407,55.71794368562454
2016-09-24T18:59:59Z,79.18031163942958,56.19618076542096
2016-09-24T19:59:59Z,79.44015371304111,56.06937971962686
2016-09-24T20:59:59Z,79.38599348227434,55.89911800203851
2016-09-24T21:59:59Z,79.37428736681669,55.722494537276106
2016-09-24T22:59:59Z,79.28474739593828,54.7649018925938
2016-09-24T23:59:59Z,79.30846567181806,56.02865588305704
2016-09-25T00:59:59Z,79.43133012451058,54.98090141089263
2016-09-25T01:59:59Z,79.24749890269113,55.80840476650478
2016-09-25T02:59:59Z,79.38458139200948,55.99664028602256
2016-09-25T03:59:59Z,79.33346626351529,55.913382070144635
2016-09-25T04:59:59Z,79.31462389900824,55.96465237498492
2016-09-25T05:59:59Z,79.25013259500211,55.786349164359514
2016-09-25T06:59:59Z,79.33929522554625,56.00661027193501
2016-09-25T07:59:59Z,79.43682481884314,56.12920034254577
2016-09-25T08:59:59Z,79.36114408741754,55.750217234556686
2016-09-25T09:59:59Z,79.52433438628044,56.25369728274983
2016-09-25T10:59:59Z,79.58543904509163,56.3641927532597
2016-09-25T11:59:59Z,79.55916160525432,56.31516388887935
2016-09-25T12:59:59Z,79.51575893113801,56.089258229003846
2016-09-25T13:59:59Z,79.5559768777598,56.21317785214186
2016-09-25T14:59:59Z,79.63602809178363,56.34127651535337
2016-09-25T15:59:59Z,79.7099098773947,56.95370784203001
2016-09-25T16:59:59Z,79.75811758744167,57.018975905246165
2016-09-25T17:59:59Z,79.67446247270594,57.036144808604796
2016-09-25T18:59:59Z,79.59547114079344,56.85910816196142
2016-09-25T19:59:59Z,79.54450988321992,56.76704276367166
2016-09-25T20:59:59Z,79.67686735665181,56.392829157706075
2016-09-25T21:59:59Z,79.64327357535166,56.867399335601576
2016-09-25T22:59:59Z,79.67827666281578,56.81722280705629
2016-09-25T23:59:59Z,79.6626711883295,56.93979718793608
2016-09-26T00:59:59Z,79.54265757570646,56.74977173738855
2016-09-26T01:59:59Z,79.5077025926679,56.74374593069063
2016-09-26T02:59:59Z,79.60390155339402,56.68299660750446
2016-09-26T03:59:59Z,79.74202428396337,56.91243320524825
2016-09-26T04:59:59Z,79.63202692128594,57.00327400862135
2016-09-26T05:59:59Z,79.55195300441044,56.978345601862024
2016-09-26T06:59:59Z,79.57805337522599,56.997734093150285
2016-09-26T07:59:59Z,79.57059567869766,56.843174581178204
2016-09-26T08:59:59Z,79.63024739740646,56.911056652298285
2016-09-26T09:59:59Z,79.55988274539094,56.74286419120476
2016-09-26T10:59:59Z,79.5197516256173,56.69789723599043
2016-09-26T11:59:59Z,79.4941318070842,56.584194962096134
2016-09-26T12:59:59Z,79.50146006267977,56.54897673978375
2016-09-26T13:59:59Z,79.61112689991434,56.67001341714881
2016-09-26T14:59:59Z,79.63833044067846,56.8181248120961
2016-09-26T15:59:59Z,79.44526857297045,56.72812772146813
2016-09-26T16:59:59Z,79.4890809925804,56.61233758432306
2016-09-26T17:59:59Z,79.28903666623579,56.63604110246846
2016-09-26T18:59:59Z,79.241424650345,56.61774877555832
2016-09-26T19:59:59Z,78.98229765502246,56.16069684791114
2016-09-26T20:59:59Z,79.05195931793054,56.203470588447416
2016-09-26T21:59:59Z,79.13170996446996,56.29683124123369
2016-09-26T22:59:59Z,79.15018933871507,56.14176497974553
2016-09-26T23:59:59Z,79.1276263490282,56.11830219006096
2016-09-27T00:59:59Z,79.09401783689275,56.014843687606664
2016-09-27T01:59:59Z,79.07001586693612,55.44460559019072
2016-09-27T02:59:59Z,79.08738521197134,55.64056532952854
2016-09-27T03:59:59Z,78.99780031940176,55.53165414306636
2016-09-27T04:59:59Z,79.00943817083761,55.50554913687231
2016-09-27T05:59:59Z,79.26184253982105,55.66334238345898
2016-09-27T06:59:59Z,79.33228804920118,55.81461250519297
2016-09-27T07:59:59Z,79.36474904031986,56.254972247012205
2016-09-27T08:59:59Z,79.4094825818976,56.242844210984856
2016-09-27T09:59:59Z,79.3827662505904,56.20661990471431
2016-09-27T10:59:59Z,79.26337435526898,56.2202522646313
2016-09-27T11:59:59Z,79.26377723741912,56.16065875790943
2016-09-27T12:59:59Z,79.21416640659072,56.141179483717536
2016-09-27T13:59:59Z,79.71830932266302,56.50235816952045
2016-09-27T14:59:59Z,79.68593118700524,56.48936181085955
2016-09-27T15:59:59Z,79.7181692902394,56.61416549798802
2016-09-27T16:59:59Z,79.89402920757709,56.69258687205461
2016-09-27T17:59:59Z,79.99677988128643,56.66627877664799
2016-09-27T18:59:59Z,80.30231424072326,57.25012225170651
2016-09-27T19:59:59Z,80.25309454002146,57.31826992620606
2016-09-27T20:59:59Z,80.16647737088167,57.3744739437532
2016-09-27T21:59:59Z,80.17673513130735,57.4850871735459
2016-09-27T22:59:59Z,80.3451629568694,57.451485977906096
2016-09-27T23:59:59Z,80.54741202675963,57.454590708544664
2016-09-28T00:59:59Z,80.67488317596126,57.57255871851469
2016-09-28T01:59:59Z,80.60612706227427,57.73099332495909
2016-09-28T02:59:59Z,80.65253282971743,57.73334012373027
2016-09-28T03:59:59Z,80.57025404007169,57.759362354437336
2016-09-28T04:59:59Z,80.57494270248198,57.7464637381065
2016-09-28T05:59:59Z,80.50424920271,57.60712591030025
2016-09-28T06:59:59Z,80.37756976356373,57.71894355140023
2016-09-28T07:59:59Z,80.35283575373155,57.65602539930905
2016-09-28T08:59:59Z,80.47521177713112,55.427072664958224
2016-09-28T09:59:59Z,81.19450853299098,58.70151524909651
2016-09-28T10:59:59Z,81.06126629515455,61.31992037766517
2016-09-28T11:59:59Z,79.84725780719613,60.40032569770926
2016-09-28T12:59:59Z,79.95585776722763,59.24869431867017
2016-09-28T13:59:59Z,79.83484383937059,57.6925523031788
2016-09-28T14:59:59Z,79.97581093812282,57.472333693780065
2016-09-28T15:59:59Z,79.82058272292598,56.65608440065597
2016-09-28T16:59:59Z,79.77529533633735,56.28210669089893
2016-09-28T17:59:59Z,79.81601835751371,55.88237186009744
2016-09-28T18:59:59Z,79.669113875999,55.05733810892795
2016-09-28T19:59:59Z,79.67041031495023,55.31936402625749
2016-09-28T20:59:59Z,79.63219259404276,55.35197039867372
2016-09-28T21:59:59Z,79.57584101124958,55.21505148109554
2016-09-28T22:59:59Z,79.59430497351887,54.84074615837889
2016-09-28T23:59:59Z,79.47751475863086,54.31203883614299
2016-09-29T00:59:59Z,79.58823820823413,54.22284276316836
2016-09-29T01:59:59Z,79.63202976591151,54.47239282208776
2016-09-29T02:59:59Z,79.58932939642025,54.16845079853384
2016-09-29T03:59:59Z,79.68636811268924,54.28768708701498
2016-09-29T04:59:59Z,79.7124475477819,54.39375515147896
2016-09-29T05:59:59Z,79.93640165000089,54.558182422899556
2016-09-29T06:59:59Z,79.90501698217236,54.53661318780164
2016-09-29T07:59:59Z,79.98671136684898,54.48928705174137
2016-09-29T08:59:59Z,80.0139332965111,54.65016586052935
2016-09-29T09:59:59Z,80.17641026186446,54.99323539247694
2016-09-29T10:59:59Z,79.92513986181076,54.204150266543245
2016-09-29T11:59:59Z,80.63988769253764,57.58178345392551
2016-09-29T12:59:59Z,82.1386930436849,58.28837393904021
2016-09-29T13:59:59Z,82.81361555580497,59.48427174717858
2016-09-29T14:59:59Z,82.99163334799572,59.758051484487105
2016-09-29T15:59:59Z,82.21190167651248,60.704555902957296
2016-09-29T16:59:59Z,83.12566931080067,63.3911786526597
2016-09-29T17:59:59Z,83.0722805077181,63.68070294213611
2016-09-29T18:59:59Z,83.5898092310939,65.08492717195578
2016-09-29T19:59:59Z,83.14886359870167,64.55524093152816
2016-09-29T20:59:59Z,83.39494469753488,64.55309639734007
2016-09-29T21:59:59Z,83.93766306159279,65.6864700013931
2016-09-29T22:59:59Z,83.42159603900961,62.62640238640535
2016-09-29T23:59:59Z,83.43056641455172,62.371054752817535
2016-09-30T00:59:59Z,82.31438603612922,60.01874862431097
2016-09-30T01:59:59Z,83.93306476657575,65.59586914390322
2016-09-30T02:59:59Z,83.72675827695993,65.2647102154092
2016-09-30T03:59:59Z,83.95747294113578,66.80221907201987
2016-09-30T04:59:59Z,84.10719392809027,67.0551284887519
2016-09-30T05:59:59Z,83.59985054134026,66.60699577421207
2016-09-30T06:59:59Z,83.35602977402566,66.28846673871936
2016-09-30T07:59:59Z,84.13640296599357,65.38123782715235
2016-09-30T08:59:59Z,79.77919428584914,58.10245833604823
2016-09-30T09:59:59Z,77.90621107031039,55.030156734002595
2016-09-30T10:59:59Z,76.4419788158447,53.2318542953212
2016-09-30T11:59:59Z,76.66044478313391,53.69854751195971
2016-09-30T12:59:59Z,76.934374780605,53.51234423754129
2016-09-30T13:59:59Z,76.53210640173803,53.122299735665884
2016-09-30T14:59:59Z,77.68581526335208,58.043798600137634
2016-09-30T15:59:59Z,81.08141773061523,57.88387272200313
2016-09-30T16:59:59Z,82.04100944583872,60.58113836290329
2016-09-30T17:59:59Z,81.70102027381114,61.144526159690294
2016-09-30T18:59:59Z,81.53142477051622,61.098278738670814
2016-09-30T19:59:59Z,82.17556216824839,62.17482851128287
2016-09-30T20:59:59Z,82.46843454795214,62.2099644664847
2016-09-30T21:59:59Z,82.80687111035103,62.33786944768388
2016-09-30T22:59:59Z,82.90029536506796,62.48620688545634
2016-09-30T23:59:59Z,82.91306043031814,63.80299140149668
2016-10-01T00:59:59Z,83.06605160600645,64.46361591084752
2016-10-01T01:59:59Z,80.70318452834597,59.59581825713149
2016-10-01T02:59:59Z,81.42568475639395,61.84123737998539
2016-10-01T03:59:59Z,83.03632762973758,63.30850094369706
2016-10-01T04:59:59Z,83.14760143633266,63.002016684732126
2016-10-01T05:59:59Z,84.0619669048151,64.69823198697719
2016-10-01T06:59:59Z,83.40042131680455,64.90349092524384
2016-10-01T07:59:59Z,83.266283028357,64.92706078176576
2016-10-01T08:59:59Z,83.69942817725511,65.74288905499678
2016-10-01T09:59:59Z,83.18626428318451,66.36089358274859
2016-10-01T10:59:59Z,81.8533493417911,64.67414821823945
2016-10-01T11:59:59Z,78.26238735592149,61.04397769379381
2016-10-01T12:59:59Z,80.71812075258373,65.21811400993
2016-10-01T13:59:59Z,82.88131328077898,68.09930298479846
2016-10-01T14:59:59Z,83.47419606840309,67.71119344252553
2016-10-01T15:59:59Z,82.94735245512106,67.05443135969371
2016-10-01T16:59:59Z,82.81037220598654,66.49637158676735
2016-10-01T17:59:59Z,83.53358311747019,68.64119842818985
2016-10-01T18:59:59Z,78.31111107005505,61.55294406633264
2016-10-01T19:59:59Z,83.62449435235983,68.31764978019972
2016-10-01T20:59:59Z,80.71934298831417,64.17611384325988
2016-10-01T21:59:59Z,78.26984692424465,63.13305693449183
2016-10-01T22:59:59Z,83.4903377304116,69.1063452266041
2016-10-01T23:59:59Z,84.25612107436586,68.87369275178209
2016-10-02T00:59:59Z,77.41473169908643,61.33312290569391
2016-10-02T01:59:59Z,83.97811634296872,68.47376616177942
2016-10-02T02:59:59Z,84.39853079190239,67.84151043869004
2016-10-02T03:59:59Z,84.44441629765241,67.95350571633989
2016-10-02T04:59:59Z,83.78886494998834,68.06581122129862
2016-10-02T05:59:59Z,83.94715748372943,68.01556836042622
2016-10-02T06:59:59Z,83.86509637184629,67.43666250272595
2016-10-02T07:59:59Z,83.76470219902065,66.9744220711806
2016-10-02T08:59:59Z,84.2492176201835,67.89467222491946
2016-10-02T09:59:59Z,85.18838350995033,69.73592359523064
2016-10-02T10:59:59Z,84.70793128895929,68.2863236671029
2016-10-02T11:59:59Z,84.32108742619833,67.4620953630475
2016-10-02T12:59:59Z,85.14015223298367,69.42831141641804
2016-10-02T13:59:59Z,84.1226866680433,67.49461650984148
2016-10-02T14:59:59Z,84.30874348630175,67.41699746209139
2016-10-02T15:59:59Z,82.8402111136292,66.45256899080051
2016-10-02T16:59:59Z,82.56711020385995,65.08800593123462
2016-10-02T17:59:59Z,84.68475409347758,69.76259262357533
2016-10-02T18:59:59Z,83.73809496836208,67.82162006314884
2016-10-02T19:59:59Z,77.37607825069308,59.83537661088461
2016-10-02T20:59:59Z,78.35928669802757,62.04712331895493
2016-10-02T21:59:59Z,78.06540971416737,62.27880890385369
2016-10-02T22:59:59Z,78.49211427397847,62.20256134225048
2016-10-02T23:59:59Z,82.51866521820763,67.3315004334143
2016-10-03T00:59:59Z,81.70981204721859,65.98310614258577
2016-10-03T01:59:59Z,75.25148273997307,59.3209919440155
2016-10-03T02:59:59Z,82.80763283389501,68.50260789079387
2016-10-03T03:59:59Z,82.05122543456018,67.02120705362034
2016-10-03T04:59:59Z,82.68977728676299,67.6855278380653
2016-10-03T05:59:59Z,82.9739883036447,68.2080827489618
2016-10-03T06:59:59Z,84.66721370453966,70.53602750345516
2016-10-03T07:59:59Z,84.3365481576976,69.91152734677743
2016-10-03T08:59:59Z,83.8210321912792,68.72679390666639
2016-10-03T09:59:59Z,84.32683124595525,69.83623065301853
2016-10-03T10:59:59Z,83.3205120383609,68.59273917872831
2016-10-03T11:59:59Z,82.36877597988018,67.59548239431827
2016-10-03T12:59:59Z,82.98440915224033,67.1257696589289
2016-10-03T13:59:59Z,84.86507765736525,69.17451409271618
2016-10-03T14:59:59Z,84.71875220374055,69.3849826149857
2016-10-03T15:59:59Z,84.12524573818362,69.4038029198802
2016-10-03T16:59:59Z,84.20180802492523,66.59249533695669
2016-10-03T17:59:59Z,84.21770764690547,66.94727723245605
2016-10-03T18:59:59Z,84.01383736627973,68.01665090739517
2016-10-03T19:59:59Z,83.39446766879091,67.988379433112
2016-10-03T20:59:59Z,83.37335137028207,68.26059498468543
2016-10-03T21:59:59Z,83.7120191543266,68.22405163553069
2016-10-03T22:59:59Z,83.14501295911819,68.2820105264707
2016-10-03T23:59:59Z,82.18002358715096,66.67158682729269
2016-10-04T00:59:59Z,83.05594820598616,68.20676554631567
2016-10-04T01:59:59Z,84.85111990979823,70.45363873388212
2016-10-04T02:59:59Z,83.88790840522175,68.72042884414856
2016-10-04T03:59:59Z,83.69620980589671,68.68342347210302
2016-10-04T04:59:59Z,84.35694792385593,69.0482922983503
2016-10-04T05:59:59Z,83.0443281303298,67.69626289047517
2016-10-04T06:59:59Z,84.31690903149514,69.27923155133256
2016-10-04T07:59:59Z,84.48581223204134,70.04748549531134
2016-10-04T08:59:59Z,84.7001958649851,69.59660974111627
2016-10-04T09:59:59Z,83.81309749449615,69.61717359432747
2016-10-04T10:59:59Z,84.44442895395474,70.2081426130622
2016-10-04T11:59:59Z,83.84016028098284,69.90561747171745
2016-10-04T12:59:59Z,86.02117822646422,71.45501248252273
2016-10-04T13:59:59Z,86.46768963412929,71.54877144519368
2016-10-04T14:59:59Z,85.81486941050731,70.34337599866987
2016-10-04T15:59:59Z,85.2149433353112,69.53314248899372
2016-10-04T16:59:59Z,84.62736218239404,68.70290827873825
2016-10-04T17:59:59Z,84.09099642964077,69.40306061707385
2016-10-04T18:59:59Z,84.22216321936669,70.25139986913064
2016-10-04T19:59:59Z,84.14029281293807,70.03739355873363
2016-10-04T20:59:59Z,84.12331441174425,69.20800048236566
2016-10-04T21:59:59Z,86.62782465499356,71.30470374806904
2016-10-04T22:59:59Z,88.03073784537992,72.83778592843566
2016-10-04T23:59:59Z,86.88852169342816,71.99500463127802
2016-10-05T00:59:59Z,86.39251677358168,71.6273536853389
2016-10-05T01:59:59Z,85.06804282259215,69.80456497342958
2016-10-05T02:59:59Z,84.57818253569495,69.29856774512768
2016-10-05T03:59:59Z,84.09364563202898,70.21913393204957
2016-10-05T04:59:59Z,83.80736757565434,68.47593638346702
2016-10-05T05:59:59Z,86.10920784014239,71.02732710514165
2016-10-05T06:59:59Z,87.33911960796837,72.51306211287394
2016-10-05T07:59:59Z,87.34335317513496,71.64243091692703
2016-10-05T08:59:59Z,87.56860008473784,71.73114866693248
2016-10-05T09:59:59Z,87.28206394251727,71.64146897413141
2016-10-05T10:59:59Z,85.97366743735205,70.45007253547894
2016-10-05T11:59:59Z,85.54427531484806,69.11030938394742
2016-10-05T12:59:59Z,85.69861422820344,71.06707929580719
2016-10-05T13:59:59Z,85.05428377175541,70.50682071556952
2016-10-05T14:59:59Z,85.46173429840555,70.80059852858875
2016-10-05T15:59:59Z,86.21632562513048,71.30200506080448
2016-10-05T16:59:59Z,85.93201141897009,71.5901931966252
2016-10-05T17:59:59Z,87.78753123887873,73.71516521955466
2016-10-05T18:59:59Z,87.36525783492617,72.82031027589056
2016-10-05T19:59:59Z,86.77212992519951,68.52670463079924
2016-10-05T20:59:59Z,86.6646240917575,68.4960102754383
2016-10-05T21:59:59Z,85.79233699668889,69.91529252569858
2016-10-05T22:59:59Z,85.98949314726178,70.41835895036587
2016-10-05T23:59:59Z,86.8672892794862,73.03233083600814
2016-10-06T00:59:59Z,87.90785938948056,73.53434335482562
2016-10-06T01:59:59Z,87.50723567285841,72.72230781503067
2016-10-06T02:59:59Z,88.20331668193005,72.83895846447521
2016-10-06T03:59:59Z,88.30573496815244,72.27097959334958
2016-10-06T04:59:59Z,87.59080361190297,71.77318636759496
2016-10-06T05:59:59Z,87.48075440432895,69.92293430921504
2016-10-06T06:59:59Z,87.49425058624438,70.57661020785345
2016-10-06T07:59:59Z,87.4731242955973,70.14984131213035
2016-10-06T08:59:59Z,87.66480152628986,70.86719892556073
2016-10-06T09:59:59Z,86.99473827931155,69.6146768712169
2016-10-06T10:59:59Z,87.37564599609227,69.78851741800696
2016-10-06T11:59:59Z,87.43351173789533,69.42637999420103
2016-10-06T12:59:59Z,87.27135724523822,70.28567716838076
2016-10-06T13:59:59Z,87.22317163447327,69.49064622946693
2016-10-06T14:59:59Z,87.60542289282323,70.02214495395683
2016-10-06T15:59:59Z,87.32416697935264,68.83971908632503
2016-10-06T16:59:59Z,86.96109345367942,68.28182834250006
2016-10-06T17:59:59Z,87.58870409975361,69.74019402244332
2016-10-06T18:59:59Z,87.20876949972165,69.0671219584222
2016-10-06T19:59:59Z,86.51016093610492,67.16214099089467
2016-10-06T20:59:59Z,87.16311550874461,67.34775595727382
2016-10-06T21:59:59Z,86.79443234507907,67.67532166881387
2016-10-06T22:59:59Z,86.4555249159904,67.00313463367556
2016-10-06T23:59:59Z,86.551932358825,66.91406450378821
2016-10-07T00:59:59Z,87.7949868739642,67.95639495678238
2016-10-07T01:59:59Z,89.16199338692194,69.43181981850688
2016-10-07T02:59:59Z,88.90455548414577,68.6827808819527
2016-10-07T03:59:59Z,87.39145660485481,66.41475445032418
2016-10-07T04:59:59Z,87.42274908324055,66.15589581339063
2016-10-07T05:59:59Z,87.41266898809555,67.67802899611019
2016-10-07T06:59:59Z,87.305403810334,68.77644175774635
2016-10-07T07:59:59Z,87.97648042200395,69.10058061688541
2016-10-07T08:59:59Z,87.47014651399407,67.45219753781316
2016-10-07T09:59:59Z,86.14177030588992,65.78805886524263
2016-10-07T10:59:59Z,85.9291424192445,66.2849809126811
2016-10-07T11:59:59Z,86.97431831337884,68.52402352285122
2016-10-07T12:59:59Z,88.05648159812729,69.33668725065922
2016-10-07T13:59:59Z,87.64302939772472,69.25755429583667
2016-10-07T14:59:59Z,87.80102743345371,69.01337497481546
2016-10-07T15:59:59Z,87.03188855368266,68.3728361251571
2016-10-07T16:59:59Z,87.86552666764099,69.43920527203711
2016-10-07T17:59:59Z,87.9165183413058,70.28307552498313
2016-10-07T18:59:59Z,87.80201555676688,69.46895300597292
2016-10-07T19:59:59Z,87.76881940752678,69.74444418245601
2016-10-07T20:59:59Z,86.58182194549833,68.09086785966412
2016-10-07T21:59:59Z,86.15551274508387,66.77629282430107
2016-10-07T22:59:59Z,88.08797652763606,69.77440204434316
2016-10-07T23:59:59Z,88.40455612704733,71.68744871920894
2016-10-08T00:59:59Z,89.5281692891557,72.54457957324234
2016-10-08T01:59:59Z,88.62416889868153,69.36233417582946
2016-10-08T02:59:59Z,86.36181570116138,66.37307622281314
2016-10-08T03:59:59Z,86.75359748751019,68.21337427638622
2016-10-08T04:59:59Z,87.47043344447302,70.9008824604395
2016-10-08T05:59:59Z,87.51686945004838,67.53865012751288
2016-10-08T06:59:59Z,87.0908149981553,66.32973104613427
2016-10-08T07:59:59Z,87.03348974734483,67.4663803538877
2016-10-08T08:59:59Z,87.80475370122157,69.52894124635299
2016-10-08T09:59:59Z,86.38294029557615,67.9864758705405
2016-10-08T10:59:59Z,86.51285089480992,67.43956478295576
2016-10-08T11:59:59Z,86.78153393830694,68.54810986257421
2016-10-08T12:59:59Z,86.24923869895474,68.43942885461355
2016-10-08T13:59:59Z,86.57994268818477,68.77775368731642
2016-10-08T14:59:59Z,86.79610890495174,69.33084700689807
2016-10-08T15:59:59Z,86.93243300583428,69.8156369398892
2016-10-08T16:59:59Z,87.85882644086912,69.91344809081153
2016-10-08T17:59:59Z,88.00440895724678,71.548164931157
2016-10-08T18:59:59Z,87.16929222655972,68.16644135293203
2016-10-08T19:59:59Z,87.10641745684143,69.24112274041822
2016-10-08T20:59:59Z,87.71846976093114,68.3464345225412
2016-10-08T21:59:59Z,87.03531453338648,68.0789053225927
2016-10-08T22:59:59Z,86.7079893668462,68.07932231706219
2016-10-08T23:59:59Z,86.78287269030375,69.06414009987235
2016-10-09T00:59:59Z,87.26095191267989,71.1589610255679
2016-10-09T01:59:59Z,86.53292182054311,69.64260086607807
2016-10-09T02:59:59Z,85.96359005211222,68.25397640272126
2016-10-09T03:59:59Z,86.1665177965221,69.52106254800017
2016-10-09T04:59:59Z,86.75888860766952,70.57114191447477
2016-10-09T05:59:59Z,85.71595649915002,69.45122733932895
2016-10-09T06:59:59Z,85.32124835043706,68.69571146103138
2016-10-09T07:59:59Z,86.57143911967187,70.97930800262567
2016-10-09T08:59:59Z,88.24146426248102,74.32290695704616
2016-10-09T09:59:59Z,87.946364693284,73.04840798387491
2016-10-09T10:59:59Z,86.67963243185625,71.72521941085597
2016-10-09T11:59:59Z,87.28744420468523,71.43381884952589
2016-10-09T12:59:59Z,86.55326256059125,71.0506803505286
2016-10-09T13:59:59Z,86.70367476792141,71.56127802778481
2016-10-09T14:59:59Z,87.88648708646569,72.53101295927284
2016-10-09T15:59:59Z,88.56901287229401,73.39691204568572
2016-10-09T16:59:59Z,87.37000666511041,72.28752524664124
2016-10-09T17:59:59Z,87.16636363819917,71.76419075601422
2016-10-09T18:59:59Z,87.43884922553387,71.78403402716425
2016-10-09T19:59:59Z,87.40704573237095,72.5309984865712
2016-10-09T20:59:59Z,87.06985861015009,71.54448086528512
2016-10-09T21:59:59Z,86.79443913445816,72.48105004143143
2016-10-09T22:59:59Z,85.74242499932632,68.58138021662796
2016-10-09T23:59:59Z,85.99024408450613,68.46044916033904
2016-10-10T00:59:59Z,86.73821222043864,69.93936190271859
2016-10-10T01:59:59Z,85.47748734419508,68.36832765713216
2016-10-10T02:59:59Z,84.86733987710335,68.842969032913
2016-10-10T03:59:59Z,86.78377741854183,71.39156932668459
2016-10-10T04:59:59Z,87.84507645487469,72.19932810331699
2016-10-10T05:59:59Z,88.40357745239776,72.94801337421927
2016-10-10T06:59:59Z,79.43332584438373,62.04513678622909
2016-10-10T07:59:59Z,78.92019041919455,62.00742245526434
2016-10-10T08:59:59Z,80.13983637920357,63.69378247107774
2016-10-10T09:59:59Z,80.9325971676484,64.40915210705643
2016-10-10T10:59:59Z,81.21918379168436,65.01530838498579
2016-10-10T11:59:59Z,81.1633587647626,64.6692629568587
2016-10-10T12:59:59Z,81.31180803534657,64.624130751954
2016-10-10T13:59:59Z,80.7131725141128,64.79620550352041
2016-10-10T14:59:59Z,79.99918897715189,64.63584883671089
2016-10-10T15:59:59Z,81.2728325480435,67.85452401135692
2016-10-10T16:59:59Z,85.68611075658703,69.25820900634854
2016-10-10T17:59:59Z,85.81152409031692,70.76613104676343
2016-10-10T18:59:59Z,86.51908233795693,70.66394512000838
2016-10-10T19:59:59Z,86.62392995108478,70.66718832699921
2016-10-10T20:59:59Z,87.15105569714662,70.32045833970508
2016-10-10T21:59:59Z,87.06945405484414,69.25877437643413
2016-10-10T22:59:59Z,87.2277667834346,69.77741765147488
2016-10-10T23:59:59Z,86.97896057701125,69.1906237013422
2016-10-11T00:59:59Z,87.68450964151539,70.7857891627001
2016-10-11T01:59:59Z,87.56882208212319,70.7225305347126
2016-10-11T02:59:59Z,87.91420208973811,71.05306465267542
2016-10-11T03:59:59Z,87.45965990090195,69.4520197297417
2016-10-11T04:59:59Z,86.91212051305267,68.22392374467137
2016-10-11T05:59:59Z,86.73208606961089,66.74095296970323
2016-10-11T06:59:59Z,87.02620726323472,68.01542758629908
2016-10-11T07:59:59Z,86.97436686371809,67.94074787129287
2016-10-11T08:59:59Z,87.58397966168252,68.84340018602688
2016-10-11T09:59:59Z,87.59015496026727,69.47837848573626
2016-10-11T10:59:59Z,87.66865497751098,69.15887068064025
2016-10-11T11:59:59Z,86.53839010886186,68.37943220033462
2016-10-11T12:59:59Z,87.29711484949219,68.84451162217182
2016-10-11T13:59:59Z,86.50112442712168,65.25178689497649
2016-10-11T14:59:59Z,85.76964274717311,63.52142046843695
2016-10-11T15:59:59Z,86.16954864427483,65.40276762224563
2016-10-11T16:59:59Z,85.69560566364036,66.05687652627654
2016-10-11T17:59:59Z,86.1512934516042,67.69712442015077
2016-10-11T18:59:59Z,86.72779144644956,68.02243080531372
2016-10-11T19:59:59Z,86.2340948533107,68.64822767510594
2016-10-11T20:59:59Z,85.32942568535695,67.37647749742106
2016-10-11T21:59:59Z,87.09560883339044,70.17257294038599
2016-10-11T22:59:59Z,86.93481767436806,70.14886364092055
2016-10-11T23:59:59Z,86.30846662943691,68.37827426036911
2016-10-12T00:59:59Z,86.243999724348,68.32618924748812
2016-10-12T01:59:59Z,86.84505208161458,68.93301066380889
2016-10-12T02:59:59Z,86.99430501344962,70.07255449267015
2016-10-12T03:59:59Z,85.59414494017643,67.50798470980564
2016-10-12T04:59:59Z,85.7544135821144,67.3753723463118
2016-10-12T05:59:59Z,84.50511909646525,67.35035178621776
2016-10-12T06:59:59Z,85.20114309890802,69.17311554678922
2016-10-12T07:59:59Z,82.32760071219089,63.65782763909422
2016-10-12T08:59:59Z,84.73834784955648,66.64130724005402
2016-10-12T09:59:59Z,83.659130467652,64.19059637337142
2016-10-12T10:59:59Z,84.02706137868698,65.62693942277116
2016-10-12T11:59:59Z,85.49242916975292,68.97650851940834
2016-10-12T12:59:59Z,86.36967538899297,69.22553329093903
2016-10-12T13:59:59Z,85.98057418053166,68.21067078102544
2016-10-12T14:59:59Z,87.21538571679046,70.39364029455238
2016-10-12T15:59:59Z,86.11923155528318,69.72191111532548
2016-10-12T16:59:59Z,86.464274720609,69.42099349208428
2016-10-12T17:59:59Z,86.15229182763699,70.22404173520282
2016-10-12T18:59:59Z,86.74237470783271,69.85520971916529
2016-10-12T19:59:59Z,87.90244943772501,70.65500560912074
2016-10-12T20:59:59Z,86.87758188677428,70.30800131094949
2016-10-12T21:59:59Z,86.03241065946462,67.62479056433648
2016-10-12T22:59:59Z,86.18221210017055,66.30952221374199
2016-10-12T23:59:59Z,87.6136514266691,69.79573929178827
2016-10-13T00:59:59Z,87.25591542091134,70.0150952410926
2016-10-13T01:59:59Z,86.97376640019813,70.26015509694876
2016-10-13T02:59:59Z,85.50062976861511,67.0748952068449
2016-10-13T03:59:59Z,85.69415439123388,67.82480726996465
2016-10-13T04:59:59Z,86.56796533145722,69.33008180277012
2016-10-13T05:59:59Z,86.51146548446098,70.61363790411279
2016-10-13T06:59:59Z,85.56069310428352,69.62108512764976
2016-10-13T07:59:59Z,84.88457421042445,69.66576827260255
2016-10-13T08:59:59Z,85.89048181721277,71.03196235193978
2016-10-13T09:59:59Z,86.68366199471787,72.36598069758709
2016-10-13T10:59:59Z,86.93399650886882,69.9254152580666
2016-10-13T11:59:59Z,86.90995305907705,73.57061122256131
2016-10-13T12:59:59Z,86.17715579981586,73.30816289487844
2016-10-13T13:59:59Z,86.6621031691049,73.34064949803223
2016-10-13T14:59:59Z,85.9233593181818,72.44598075236753
2016-10-13T15:59:59Z,86.05605605617389,72.501634663429
2016-10-13T16:59:59Z,83.50243742841126,69.59629074012392
2016-10-13T17:59:59Z,86.77667161015542,73.60436316277043
2016-10-13T18:59:59Z,88.49148968356565,74.58235530295308
2016-10-13T19:59:59Z,87.95058104393223,74.92532595960456
2016-10-13T20:59:59Z,88.19297250775226,75.00195122913979
2016-10-13T21:59:59Z,88.05623600493156,75.74159145159892
2016-10-13T22:59:59Z,86.90111516671533,74.71553664073566
2016-10-13T23:59:59Z,86.26384163331666,70.63328551754034
2016-10-14T00:59:59Z,86.01947786897604,69.6177041377373
2016-10-14T01:59:59Z,85.68140466513061,70.87866253833171
2016-10-14T02:59:59Z,86.1262570569203,72.90892837356859
2016-10-14T03:59:59Z,85.76354653207822,73.63962225701685
2016-10-14T04:59:59Z,80.0461015519292,68.16290519832263
2016-10-14T05:59:59Z,80.05740273300658,66.89127699979115
2016-10-14T06:59:59Z,86.40522222196476,75.83907649564041
2016-10-14T07:59:59Z,81.12036075757185,69.16278903332949
2016-10-14T08:59:59Z,84.49789444189292,72.70718288649317
2016-10-14T09:59:59Z,87.25427247082143,76.68494447990129
2016-10-14T10:59:59Z,87.47214620934604,76.45039246004556
2016-10-14T11:59:59Z,87.70612200285971,75.25289049872431
2016-10-14T12:59:59Z,86.82911551375571,73.61480654896891
2016-10-14T13:59:59Z,87.41921317020085,75.15880975586248
2016-10-14T14:59:59Z,88.59823357704882,75.81048297929257
2016-10-14T15:59:59Z,87.64790582943442,73.89104086912843
2016-10-14T16:59:59Z,87.77249088107534,72.5891554277643
2016-10-14T17:59:59Z,87.80574746622881,73.39582311531831
2016-10-14T18:59:59Z,87.73933996707443,74.87852277714498
2016-10-14T19:59:59Z,87.7609499123701,74.34853983429733
2016-10-14T20:59:59Z,87.31807984386721,73.09669830010336
2016-10-14T21:59:59Z,86.5019708246163,72.20351481675051
2016-10-14T22:59:59Z,86.63364258339755,70.74370855713498
2016-10-14T23:59:59Z,86.25456223077158,72.24493296746454
2016-10-15T00:59:59Z,86.05183441854986,72.34032179796108
2016-10-15T01:59:59Z,86.86771951438936,72.31592075179816
2016-10-15T02:59:59Z,85.90314017251903,71.59175890298724
2016-10-15T03:59:59Z,86.51506155935097,73.02598765768117
2016-10-15T04:59:59Z,86.73681531415941,74.50670238812643
2016-10-15T05:59:59Z,86.75435342132569,74.32871165023053
2016-10-15T06:59:59Z,85.70869883566472,73.451611895965
2016-10-15T07:59:59Z,86.06836455689033,74.03252921554628
2016-10-15T08:59:59Z,86.28300655619061,73.56401682343511
2016-10-15T09:59:59Z,86.2750258671033,72.76285246782828
2016-10-15T10:59:59Z,85.89437818133656,73.22548009040115
2016-10-15T11:59:59Z,86.0409882619121,73.76935588652948
2016-10-15T12:59:59Z,85.6563351438894,73.58269077602453
2016-10-15T13:59:59Z,86.70350902073545,74.84135025390042
2016-10-15T14:59:59Z,86.909499235081,73.96088643634438
2016-10-15T15:59:59Z,86.418211685895,73.81301481340114
2016-10-15T16:59:59Z,86.58293831491113,73.87702587131142
2016-10-15T17:59:59Z,87.49451193807745,75.45135157490368
2016-10-15T18:59:59Z,87.3882947067472,74.70957141323169
2016-10-15T19:59:59Z,86.55991094769956,73.87099421586672
2016-10-15T20:59:59Z,86.15141830507967,73.63234323412382
2016-10-15T21:59:59Z,87.19833295681501,74.82554674278896
2016-10-15T22:59:59Z,87.13657263724234,74.56748565413201
2016-10-15T23:59:59Z,86.69970743701664,74.52294553181318
2016-10-16T00:59:59Z,86.26420295734818,73.7724374600473
2016-10-16T01:59:59Z,85.68208764439817,72.740038568294
2016-10-16T02:59:59Z,85.09804209811027,72.73972781235109
2016-10-16T03:59:59Z,85.82391802256831,73.57983489975359
2016-10-16T04:59:59Z,86.2913584830257,74.15098635750947
2016-10-16T05:59:59Z,86.67325249228713,74.1637633210941
2016-10-16T06:59:59Z,86.65360611183343,74.47908565262598
2016-10-16T07:59:59Z,87.41690604556338,75.4334608229297
2016-10-16T08:59:59Z,87.15595938916806,74.53776016083432
2016-10-16T09:59:59Z,87.16091896101871,74.28526908091192
2016-10-16T10:59:59Z,86.9883767230293,74.09855795831022
2016-10-16T11:59:59Z,86.49894529600927,72.87191325833462
2016-10-16T12:59:59Z,86.8940353437248,74.0541479208704
2016-10-16T13:59:59Z,87.17933507849462,73.31068557474354
2016-10-16T14:59:59Z,86.95795385654287,72.88768710457845
2016-10-16T15:59:59Z,87.11212013068955,72.40804640948107
2016-10-16T16:59:59Z,87.15616135237485,72.29625161961822
2016-10-16T17:59:59Z,86.87416184147759,71.94286955476393
2016-10-16T18:59:59Z,87.10073315081642,71.77098142120194
2016-10-16T19:59:59Z,87.23223786542162,71.88449505563898
2016-10-16T20:59:59Z,87.4590928226109,72.3119914925563
2016-10-16T21:59:59Z,86.95389943191888,71.59975419934925
2016-10-16T22:59:59Z,87.48252425057672,71.27915441869794
2016-10-16T23:59:59Z,87.07957268463387,71.62261942737989
2016-10-17T00:59:59Z,87.25167951725386,72.09434300011395
2016-10-17T01:59:59Z,87.17961295250866,72.60330516965088
2016-10-17T02:59:59Z,87.36476666904473,72.58180186681066
2016-10-17T03:59:59Z,86.91624668268872,72.1828227984791
2016-10-17T04:59:59Z,86.99842533129265,72.56787593105052
2016-10-17T05:59:59Z,87.18611726730678,73.15524443746804
2016-10-17T06:59:59Z,88.16535932211747,73.4761780832782
2016-10-17T07:59:59Z,88.30148786640586,72.90690300163301
2016-10-17T08:59:59Z,87.65554918575056,71.58973302370356
2016-10-17T09:59:59Z,88.86001859279425,73.23989507462313
2016-10-17T10:59:59Z,87.9505750691289,72.80587667091838
2016-10-17T11:59:59Z,88.25964603710752,72.40636075341835
2016-10-17T12:59:59Z,86.894639545967,69.70940212435652
2016-10-17T13:59:59Z,83.80342090870825,63.98446207388257
2016-10-17T14:59:59Z,85.2701989051545,64.56904848146964
2016-10-17T15:59:59Z,86.41029701151604,67.38180783649958
2016-10-17T16:59:59Z,86.90011794658521,69.75518892232124
2016-10-17T17:59:59Z,87.41833265449141,71.25420428406183
2016-10-17T18:59:59Z,88.19314033297881,68.83769365190594
2016-10-17T19:59:59Z,88.1624620514411,70.53274509944983
2016-10-17T20:59:59Z,87.44327826329224,70.41987165692973
2016-10-17T21:59:59Z,87.37555635994563,71.63188213056553
2016-10-17T22:59:59Z,87.94486206926341,71.66683675286531
2016-10-17T23:59:59Z,88.21731966409436,72.40604928992833
2016-10-18T00:59:59Z,88.06971038182338,71.72230634307816
2016-10-18T01:59:59Z,87.80010657854605,71.6087614438347
2016-10-18T02:59:59Z,87.74528522036273,71.85514804750771
2016-10-18T03:59:59Z,87.82356466521485,71.85210257042142
2016-10-18T04:59:59Z,87.46004560214611,72.38817910674246
2016-10-18T05:59:59Z,87.46660670497532,72.63421712898436
2016-10-18T06:59:59Z,87.51919682940672,71.53321259699841
2016-10-18T07:59:59Z,88.50038773469596,72.4980671257393
2016-10-18T08:59:59Z,87.80616038182315,72.11459468068975
2016-10-18T09:59:59Z,87.97102787991041,72.63424926246529
2016-10-18T10:59:59Z,87.8597550275312,73.72598132370959
2016-10-18T11:59:59Z,84.24552439444385,68.16311707827596
2016-10-18T12:59:59Z,87.62507680683352,74.30654848463456
2016-10-18T13:59:59Z,82.2149321071326,66.35614581933635
2016-10-18T14:59:59Z,87.16016492232377,74.25497104699511
2016-10-18T15:59:59Z,86.9442046381987,74.20374459413978
2016-10-18T16:59:59Z,86.26713392975944,69.35541185812161
2016-10-18T17:59:59Z,86.03225780564946,69.0727687879201
2016-10-18T18:59:59Z,86.53237581655482,70.59607124733009
2016-10-18T19:59:59Z,86.69268025651263,72.76049512167957
2016-10-18T20:59:59Z,86.83040058709105,73.05340969713691
2016-10-18T21:59:59Z,86.60072264755138,72.3813636226632
2016-10-18T22:59:59Z,85.996522761351,70.2088278835111
2016-10-18T23:59:59Z,85.6660684363318,72.01395707722321
2016-10-19T00:59:59Z,85.15469529656096,68.4792059658244
2016-10-19T01:59:59Z,85.31980651850797,68.57957027858423
2016-10-19T02:59:59Z,86.26141320765699,71.74939446747118
2016-10-19T03:59:59Z,87.0665782573849,73.39226877151769
2016-10-19T04:59:59Z,87.11492489968596,73.8714352956543
2016-10-19T05:59:59Z,87.16925817804845,74.06893489284376
2016-10-19T06:59:59Z,87.19645757727233,73.47304145559013
2016-10-19T07:59:59Z,87.28305239733412,73.17017807607198
2016-10-19T08:59:59Z,86.99774125723219,74.58786138790411
2016-10-19T09:59:59Z,86.61779604094069,74.5118970852765
2016-10-19T10:59:59Z,87.42428952178473,72.49018107203986
2016-10-19T11:59:59Z,87.2485260197562,73.66920479409356
2016-10-19T12:59:59Z,86.7498062123242,75.22493021840965
2016-10-19T13:59:59Z,85.6195263282328,73.75319806726947
2016-10-19T14:59:59Z,85.82174084421017,73.67696812421859
2016-10-19T15:59:59Z,85.57148885815052,73.54530671734646
2016-10-19T16:59:59Z,86.36007952815275,75.41557266610454
2016-10-19T17:59:59Z,86.06332153878964,74.23837631311791
2016-10-19T18:59:59Z,86.58842116670723,75.07536077770345
2016-10-19T19:59:59Z,85.88370024166893,74.07882919058864
2016-10-19T20:59:59Z,86.55890207509702,75.39745748258773
2016-10-19T21:59:59Z,86.8093834729893,75.7259536213125
2016-10-19T22:59:59Z,86.75849153094276,72.88693694252632
2016-10-19T23:59:59Z,85.43715835545551,72.38335778158434
2016-10-20T00:59:59Z,85.68778739756014,73.26205299631631
2016-10-20T01:59:59Z,86.44041787389479,75.14784602419238
2016-10-20T02:59:59Z,86.20906195556536,73.57178112056461
2016-10-20T03:59:59Z,85.76577778720026,73.64082878482432
2016-10-20T04:59:59Z,85.79811864380032,73.68955998275322
2016-10-20T05:59:59Z,86.56919051952896,73.77892963331318
2016-10-20T06:59:59Z,86.20735873459677,73.6962361702078
2016-10-20T07:59:59Z,86.6452523625095,74.22403339838667
2016-10-20T08:59:59Z,85.64417240130899,73.23277651865935
2016-10-20T09:59:59Z,85.68759836562413,72.64432802922758
2016-10-20T10:59:59Z,86.46763384170742,74.6409047818535
2016-10-20T11:59:59Z,86.69287597107684,74.98502674703352
2016-10-20T12:59:59Z,86.73506380867222,75.14762757107107
2016-10-20T13:59:59Z,86.01167950171858,73.49964406158243
2016-10-20T14:59:59Z,86.39925694362837,73.60841192431216
2016-10-20T15:59:59Z,86.57810201553343,73.8638694185635
2016-10-20T16:59:59Z,86.58741280242248,74.39332384544447
2016-10-20T17:59:59Z,86.36912431697552,74.81347037075021
2016-10-20T18:59:59Z,86.4753471670437,75.05621804326397
2016-10-20T19:59:59Z,86.49786184986986,72.44956780065365
2016-10-20T20:59:59Z,86.85172585804919,74.81027750498899
2016-10-20T21:59:59Z,86.64707152691498,75.15933526613233
2016-10-20T22:59:59Z,86.95746606740961,75.5324275008276
2016-10-20T23:59:59Z,86.53479841930528,74.9382408351263
2016-10-21T00:59:59Z,86.72114780067058,74.70327121936162
2016-10-21T01:59:59Z,85.33343218554405,71.5731066545196
2016-10-21T02:59:59Z,85.5844385045982,72.27357196518764
2016-10-21T03:59:59Z,86.20109192968,73.89674453289929
2016-10-21T04:59:59Z,86.32798262110987,74.38845176136212
2016-10-21T05:59:59Z,86.18638213508264,74.59120101617309
2016-10-21T06:59:59Z,86.09231606786425,73.83651041593554
2016-10-21T07:59:59Z,86.76810251190936,72.66103789386842
2016-10-21T08:59:59Z,86.63289914879711,70.4232618540116
2016-10-21T09:59:59Z,86.04295838308683,71.87296915208526
2016-10-21T10:59:59Z,85.12180691560884,73.66671971678711
2016-10-21T11:59:59Z,84.30768591415959,72.75175816618027
2016-10-21T12:59:59Z,84.52101038507912,72.64532861968961
2016-10-21T13:59:59Z,84.80462811220352,72.54895750240588
2016-10-21T14:59:59Z,85.26240890798861,72.57586553636612
2016-10-21T15:59:59Z,85.06726602342783,71.59666504678191
2016-10-21T16:59:59Z,85.09052483740348,71.12184300933171
2016-10-21T17:59:59Z,84.93231023098281,71.89531531381483
2016-10-21T18:59:59Z,83.97104659827919,70.60534339930841
2016-10-21T19:59:59Z,83.52902137572165,70.72930268381656
2016-10-21T20:59:59Z,83.58768897175553,70.92092545172977
2016-10-21T21:59:59Z,84.38577665224234,70.5919350581637
2016-10-21T22:59:59Z,85.18826039619192,71.58030145144707
2016-10-21T23:59:59Z,85.13874751319425,72.10566150791361
2016-10-22T00:59:59Z,85.64994758146197,72.90388580379174
2016-10-22T01:59:59Z,85.72011666535327,73.03228333632808
2016-10-22T02:59:59Z,86.01006940112791,73.32988290583874
2016-10-22T03:59:59Z,83.93992804120369,70.87627347309886
2016-10-22T04:59:59Z,84.31695258668952,72.32774050510183
2016-10-22T05:59:59Z,84.20605692284369,70.64845928463943
2016-10-22T06:59:59Z,83.654680618883,67.54490449980281
2016-10-22T07:59:59Z,84.13563990271068,68.26859310101949
2016-10-22T08:59:59Z,84.19427471498103,67.94319001865834
2016-10-22T09:59:59Z,83.52683997607244,69.31910852170988
2016-10-22T10:59:59Z,83.3823769979092,69.83792137624043
2016-10-22T11:59:59Z,83.66558764580894,72.08183975955136
2016-10-22T12:59:59Z,84.15472358075469,71.20271666903241
2016-10-22T13:59:59Z,79.31088338597378,66.03158373971667
2016-10-22T14:59:59Z,84.42712564773832,72.0695986926681
2016-10-22T15:59:59Z,84.99908001737144,72.86454248203081
2016-10-22T16:59:59Z,84.69976533921233,72.83088741368303
2016-10-22T17:59:59Z,84.4474933992628,72.43861229666602
2016-10-22T18:59:59Z,84.0275271277307,71.96091863315218
2016-10-22T19:59:59Z,83.7595066374891,71.0234729932818
2016-10-22T20:59:59Z,83.30474071525121,70.30289041205927
2016-10-22T21:59:59Z,83.10944874086299,69.80447111395205
2016-10-22T22:59:59Z,83.85710535418015,71.50687150139636
2016-10-22T23:59:59Z,83.92450020754603,71.44537090011139
2016-10-23T00:59:59Z,84.26037380387758,70.5187090331807
2016-10-23T01:59:59Z,84.02915895984817,68.65565572362843
2016-10-23T02:59:59Z,84.29583762959545,69.39307815468769
2016-10-23T03:59:59Z,84.19980692996043,69.96643252307335
2016-10-23T04:59:59Z,83.02243331553763,68.30822730697913
2016-10-23T05:59:59Z,82.4057930713247,68.39324930791838
2016-10-23T06:59:59Z,84.09238994117904,71.44951689627479
2016-10-23T07:59:59Z,84.8905474704083,70.68158228562545
2016-10-23T08:59:59Z,85.16078764971462,70.40387193727683
2016-10-23T09:59:59Z,84.88467911554763,70.32409775867009
2016-10-23T10:59:59Z,85.06092782796804,69.04156994824129
2016-10-23T11:59:59Z,84.34654510343192,67.78437581157193
2016-10-23T12:59:59Z,79.93037171156664,63.47744714793521
2016-10-23T13:59:59Z,83.75508207314914,65.12899643680713
2016-10-23T14:59:59Z,84.93445988024634,68.01436292440245
2016-10-23T15:59:59Z,85.10180440408459,68.54812717572273
2016-10-23T16:59:59Z,84.51384578037916,68.9877554970411
2016-10-23T17:59:59Z,85.46447177108608,70.47512687991438
2016-10-23T18:59:59Z,84.38140971190391,68.48702479010629
2016-10-23T19:59:59Z,84.66903184347875,70.05293589183663
2016-10-23T20:59:59Z,84.45669958706841,69.83761132391002
2016-10-23T21:59:59Z,84.80547908058348,71.25898066519828
2016-10-23T22:59:59Z,84.24855252322192,70.07006868494989
2016-10-23T23:59:59Z,84.75567868278205,71.47189539504923
2016-10-24T00:59:59Z,84.373199127489,70.77655236368348
2016-10-24T01:59:59Z,85.34610820261919,71.23417414353065
2016-10-24T02:59:59Z,84.88742746324918,71.31841626109289
2016-10-24T03:59:59Z,83.68840979886546,69.27195451635991
2016-10-24T04:59:59Z,83.85368623600435,70.37222448378971
2016-10-24T05:59:59Z,84.25710053826454,68.37737204322144
2016-10-24T06:59:59Z,85.2552657936125,71.6500344924216
2016-10-24T07:59:59Z,84.36742951299023,69.94384033006617
2016-10-24T08:59:59Z,84.19859740134126,70.05683374048762
2016-10-24T09:59:59Z,82.89706196877667,66.69682072425087
2016-10-24T10:59:59Z,84.71405731224513,68.7511289229271
2016-10-24T11:59:59Z,82.18737773966556,66.47081957401531
2016-10-24T12:59:59Z,85.19552243223636,70.31999581375324
2016-10-24T13:59:59Z,84.69820944618408,70.49835974156335
2016-10-24T14:59:59Z,81.48109823997049,66.84681002979157
2016-10-24T15:59:59Z,84.67120832092876,70.88023623626435
2016-10-24T16:59:59Z,84.67334862485451,70.55719776919938
2016-10-24T17:59:59Z,84.74877756372145,70.34263927928033
2016-10-24T18:59:59Z,83.8880412990715,69.8608182386803
2016-10-24T19:59:59Z,83.89229463332926,69.95352296264372
2016-10-24T20:59:59Z,83.07949645201897,69.97973219681722
2016-10-24T21:59:59Z,83.68082429745016,70.46494725395928
2016-10-24T22:59:59Z,84.69670663429048,72.56536806952504
2016-10-24T23:59:59Z,85.36945482806277,73.66333286904208
2016-10-25T00:59:59Z,85.44290011986992,73.73288807518387
2016-10-25T01:59:59Z,83.90915806968951,70.55314479157988
2016-10-25T02:59:59Z,83.97054813238422,72.17015154617474
2016-10-25T03:59:59Z,83.56038011509388,71.70088858372169
2016-10-25T04:59:59Z,83.55743357362721,72.45867599084116
2016-10-25T05:59:59Z,83.65598676054213,71.6074503957783
2016-10-25T06:59:59Z,83.30705222037196,71.15747250839615
2016-10-25T07:59:59Z,83.97956643129912,71.6643873995441
2016-10-25T08:59:59Z,84.02941570746144,71.30212207125922
2016-10-25T09:59:59Z,84.51464389349564,71.60006056299041
2016-10-25T10:59:59Z,83.68719868632887,70.74259550139219
2016-10-25T11:59:59Z,84.24359259185373,72.02709932885219
2016-10-25T12:59:59Z,83.60394921377006,69.54935297635193
2016-10-25T13:59:59Z,84.62246581180374,72.15398363829792
2016-10-25T14:59:59Z,85.45079495561355,73.0075693234374
2016-10-25T15:59:59Z,86.442918190348,74.4788598028652
2016-10-25T16:59:59Z,86.11933794180095,72.76406875698373
2016-10-25T17:59:59Z,85.05311426185087,71.60229692790332
2016-10-25T18:59:59Z,82.27361210489197,68.92986034183417
2016-10-25T19:59:59Z,84.33959341573156,69.44759990440298
2016-10-25T20:59:59Z,83.97077898651581,70.54722296956346
2016-10-25T21:59:59Z,85.57737113926538,72.22933941644877
2016-10-25T22:59:59Z,85.52060623927166,69.68606432003119
2016-10-25T23:59:59Z,85.5406528859146,71.22798952452676
2016-10-26T00:59:59Z,84.78979437139859,71.78767581232543
2016-10-26T01:59:59Z,83.96573429663151,70.88265605234002
2016-10-26T02:59:59Z,84.31495353799416,71.05411482444336
2016-10-26T03:59:59Z,81.88899799599612,68.39295960763947
2016-10-26T04:59:59Z,84.58563205432695,72.04844881228014
2016-10-26T05:59:59Z,84.8190413693006,72.3816699600551
2016-10-26T06:59:59Z,85.25146414330918,71.9180607404443
2016-10-26T07:59:59Z,85.71034789804649,72.47207235765681
2016-10-26T08:59:59Z,85.74228462530458,72.8317814429377
2016-10-26T09:59:59Z,78.82523329475676,67.89093242665103
2016-10-26T10:59:59Z,84.79809892108842,72.77378256233597
2016-10-26T11:59:59Z,84.82363360814158,73.41023551219239
2016-10-26T12:59:59Z,85.33573330874758,73.64808382892892
2016-10-26T13:59:59Z,84.62061699556155,71.95892988147287
2016-10-26T14:59:59Z,84.56374677584427,71.7695930815161
2016-10-26T15:59:59Z,84.63173927868273,72.55855211218564
2016-10-26T16:59:59Z,84.59134822133782,72.36720006246478
2016-10-26T17:59:59Z,83.82742972594839,70.89610155608415
2016-10-26T18:59:59Z,84.92693318992742,72.81713557229034
2016-10-26T19:59:59Z,85.31544829265646,73.04393700657491
2016-10-26T20:59:59Z,85.81536395227,73.72183422301777
2016-10-26T21:59:59Z,86.44756078750662,74.07368657326502
2016-10-26T22:59:59Z,85.46504404448218,72.87734374819867
2016-10-26T23:59:59Z,85.5997614748707,72.58475087884958
2016-10-27T00:59:59Z,85.40828619336014,73.71872219073705
2016-10-27T01:59:59Z,85.73590619486679,74.39613800816656
2016-10-27T02:59:59Z,85.14972079514338,73.74733986131024
2016-10-27T03:59:59Z,86.09079636146934,74.14110193200277
2016-10-27T04:59:59Z,85.89429233443751,73.67992050373397
2016-10-27T05:59:59Z,85.95378429826263,73.7879492600946
2016-10-27T06:59:59Z,85.58651122450352,73.31154726994752
2016-10-27T07:59:59Z,85.88591979040466,74.03182578017207
2016-10-27T08:59:59Z,85.58938829121037,73.86329024298956
2016-10-27T09:59:59Z,85.13722477441807,73.79813250337521
2016-10-27T10:59:59Z,84.71707576110468,72.82241276625597
2016-10-27T11:59:59Z,85.10977531683012,73.49261437502817
2016-10-27T12:59:59Z,85.52062002329369,73.39414280359301
2016-10-27T13:59:59Z,85.28927535926522,72.79356576642573
2016-10-27T14:59:59Z,84.45867222343794,71.77435779928547
2016-10-27T15:59:59Z,85.73473897439668,73.18253534631849
2016-10-27T16:59:59Z,86.13977990326354,73.05370444149388
2016-10-27T17:59:59Z,85.80822388315755,73.19604200221222
2016-10-27T18:59:59Z,85.4149807869522,73.17139291630457
2016-10-27T19:59:59Z,85.82360831918896,73.86212955759237
2016-10-27T20:59:59Z,85.98161209890675,74.637819229792
2016-10-27T21:59:59Z,85.1022375537347,73.55534365658023
2016-10-27T22:59:59Z,85.22601615530783,72.87647630387565
2016-10-27T23:59:59Z,85.2818440274951,73.36447322238573
2016-10-28T00:59:59Z,85.01803218058821,72.11580925914453
2016-10-28T01:59:59Z,84.79424394161713,71.54838112400552
2016-10-28T02:59:59Z,85.5763079370917,72.41747997854723
2016-10-28T03:59:59Z,85.81053348711157,73.88753515391251
2016-10-28T04:59:59Z,86.3834431849021,73.70068048907143
2016-10-28T05:59:59Z,86.1021819640779,73.84385910020383
2016-10-28T06:59:59Z,85.48921378049026,73.31108916407875
2016-10-28T07:59:59Z,83.90112301680445,70.1486930980737
2016-10-28T08:59:59Z,83.52472640659028,67.84198326696851
2016-10-28T09:59:59Z,81.97934887851937,66.26998097459928
2016-10-28T10:59:59Z,82.42086129440689,67.36136151054568
2016-10-28T11:59:59Z,83.00828141111178,68.73889520467151
2016-10-28T12:59:59Z,82.66611898493004,68.80044859195065
2016-10-28T13:59:59Z,84.05507161750505,69.59734285028694
2016-10-28T14:59:59Z,85.2704568257993,71.61522533605427
2016-10-28T15:59:59Z,85.06085610355761,70.36049740103346
2016-10-28T16:59:59Z,85.93134560703076,71.62302429993777
2016-10-28T17:59:59Z,84.03655316390906,68.40564360032393
2016-10-28T18:59:59Z,83.3517110515427,68.11250322857525
2016-10-28T19:59:59Z,83.41217816990888,67.33583544545723
2016-10-28T20:59:59Z,82.60998854532065,63.974358974302085
2016-10-28T21:59:59Z,82.23744116038893,62.05464209048916
2016-10-28T22:59:59Z,82.17695124306896,62.26601791417637
2016-10-28T23:59:59Z,83.56201847159724,65.49898579788962
2016-10-29T00:59:59Z,83.41017835491226,67.28295291124459
2016-10-29T01:59:59Z,84.04331117286715,68.53662805102829
2016-10-29T02:59:59Z,84.06143162441106,69.49920141763693
2016-10-29T03:59:59Z,84.10938286109881,70.09170717537253
2016-10-29T04:59:59Z,83.89353099432132,71.4834020603958
2016-10-29T05:59:59Z,83.62967547259889,70.92331424668645
2016-10-29T06:59:59Z,84.21239406600272,70.40441179830084
2016-10-29T07:59:59Z,84.41290233296864,71.59204030542556
2016-10-29T08:59:59Z,82.15870639835858,67.97797454758899
2016-10-29T09:59:59Z,85.32676732922708,72.2046740340057
2016-10-29T10:59:59Z,84.92675784093082,71.41250158763506
2016-10-29T11:59:59Z,82.45947035785228,67.77608974981523
2016-10-29T12:59:59Z,82.31214231948697,65.98182983158055
2016-10-29T13:59:59Z,82.47042762793443,65.88979343898178
2016-10-29T14:59:59Z,82.37327659493495,66.82288156571435
2016-10-29T15:59:59Z,84.18000589032773,68.52440907127338
2016-10-29T16:59:59Z,85.75869996146896,71.51758306837421
2016-10-29T17:59:59Z,85.35196080787806,70.46528268883732
2016-10-29T18:59:59Z,84.48001328928824,69.7082478977844
2016-10-29T19:59:59Z,83.87032219315428,69.45783723968287
2016-10-29T20:59:59Z,84.11092701045281,69.87431940204435
2016-10-29T21:59:59Z,83.4695293102007,68.5743224559522
2016-10-29T22:59:59Z,82.84609426203855,67.46570481477772
2016-10-29T23:59:59Z,83.04648019583453,67.89187144512856
2016-10-30T00:59:59Z,82.37161413036749,68.8572692857219
2016-10-30T01:59:59Z,82.95041119403734,69.14943929876681
2016-10-30T02:59:59Z,83.52484917162036,70.9292823587429
2016-10-30T03:59:59Z,83.05936287609588,69.65263207103102
2016-10-30T04:59:59Z,83.24000246294287,70.99851671330065
2016-10-30T05:59:59Z,82.95418722840084,70.00710480368045
2016-10-30T06:59:59Z,83.50807452873931,70.78675808069234
2016-10-30T07:59:59Z,83.88203794004939,71.33619637907663
2016-10-30T08:59:59Z,84.5516103966657,71.57629878374932
2016-10-30T09:59:59Z,84.258887483736,70.73786121842512
2016-10-30T10:59:59Z,84.98505401868279,70.56504857431021
2016-10-30T11:59:59Z,87.34422946348421,74.24296399109326
2016-10-30T12:59:59Z,86.3343941823071,72.57990654394958
2016-10-30T13:59:59Z,84.5033006969945,70.48726551325643
2016-10-30T14:59:59Z,82.92095277129418,68.59457561899147
2016-10-30T15:59:59Z,83.13122445310533,67.13783278938268
2016-10-30T16:59:59Z,83.53412969485028,68.23769292830842
2016-10-30T17:59:59Z,83.23438762994056,69.28486834096984
2016-10-30T18:59:59Z,80.81711930392292,66.14785371054137
2016-10-30T19:59:59Z,80.6504951844864,65.76229816670467
2016-10-30T20:59:59Z,81.7136304919273,68.90588743440196
2016-10-30T21:59:59Z,81.34616224254115,68.4944695404281
2016-10-30T22:59:59Z,81.03603938524707,68.08996081138007
2016-10-30T23:59:59Z,81.53713133999685,69.79236222850938
2016-10-31T00:59:59Z,81.84415917303322,70.42565005998728
2016-10-31T01:59:59Z,82.32300936497325,69.85592310477283
2016-10-31T02:59:59Z,82.63727326433239,69.39573867881002
2016-10-31T03:59:59Z,82.6257205165765,69.84779753564645
2016-10-31T04:59:59Z,82.19798355793907,68.73787374964695
2016-10-31T05:59:59Z,81.90300296067166,68.53812637950267
2016-10-31T06:59:59Z,81.85920690979525,68.07524425805929
2016-10-31T07:59:59Z,82.55939489559945,69.24214235690452
2016-10-31T08:59:59Z,82.25626110305807,68.01586529732981
2016-10-31T09:59:59Z,83.89840339655665,69.97749974134508
2016-10-31T10:59:59Z,85.08716410869538,71.2525912800923
2016-10-31T11:59:59Z,85.31288072631448,72.27811442568675
2016-10-31T12:59:59Z,82.03399653515719,67.53563386518708
2016-10-31T13:59:59Z,85.25521048133949,73.01023794002
2016-10-31T14:59:59Z,85.54519634728769,70.543749783179
2016-10-31T15:59:59Z,84.8292405363794,71.01782421046208
2016-10-31T16:59:59Z,84.73695338608677,70.91541407540882
2016-10-31T17:59:59Z,84.55574960967304,69.49021456489841
2016-10-31T18:59:59Z,85.6034118268686,71.19439939119783
2016-10-31T19:59:59Z,86.09738746238251,71.89729464901397
2016-10-31T20:59:59Z,86.30516523612614,71.29203856809758
2016-10-31T21:59:59Z,85.73254078937264,71.36946613062214
2016-10-31T22:59:59Z,85.58683433817843,71.61342631035082
2016-10-31T23:59:59Z,85.47148440604293,69.73216258607533
2016-11-01T00:59:59Z,85.18275466642832,70.33591969758294
2016-11-01T01:59:59Z,83.90463676910927,68.36586692065598
2016-11-01T02:59:59Z,83.11332472311898,67.92248054544064
2016-11-01T03:59:59Z,82.95047976298953,68.88576629123376
2016-11-01T04:59:59Z,82.61636539167887,69.00078725813404
2016-11-01T05:59:59Z,83.40761723613427,69.65827240752733
2016-11-01T06:59:59Z,83.21422820041279,70.44544274064009
2016-11-01T07:59:59Z,82.46410727065263,67.77307256625461
2016-11-01T08:59:59Z,81.99012545481372,66.38578162371141
2016-11-01T09:59:59Z,82.60182606475624,66.822209808678
2016-11-01T10:59:59Z,81.89011766109009,66.8857620167432
2016-11-01T11:59:59Z,76.80570594711476,56.95569542794036
2016-11-01T12:59:59Z,76.12908470240824,52.646880013133824
2016-11-01T13:59:59Z,76.4521676906487,53.63384685789191
2016-11-01T14:59:59Z,76.59577668791192,53.99158494013133
2016-11-01T15:59:59Z,76.57541799226281,54.24739251906747
2016-11-01T16:59:59Z,77.07872656982654,56.850625048331594
2016-11-01T17:59:59Z,79.58219421355234,59.292908348219676
2016-11-01T18:59:59Z,80.42796938262838,59.948390531798736
2016-11-01T19:59:59Z,80.24049267825458,60.336362890361166
2016-11-01T20:59:59Z,80.99234079478946,63.78290619233231
2016-11-01T21:59:59Z,82.0101652916456,66.62914320262117
2016-11-01T22:59:59Z,82.45972735305018,67.59712986979616
2016-11-01T23:59:59Z,82.29491376322993,66.74411778355335
2016-11-02T00:59:59Z,82.60874803977238,68.59909984403012
2016-11-02T01:59:59Z,81.19946560414941,66.42532049297921
2016-11-02T02:59:59Z,80.8162974787272,66.00495913431052
2016-11-02T03:59:59Z,81.07472661465904,65.95091716983126
2016-11-02T04:59:59Z,77.24608690028394,61.1499948125906
2016-11-02T05:59:59Z,76.0006036416648,60.08905511822297
2016-11-02T06:59:59Z,80.38142625690666,65.1880806664452
2016-11-02T07:59:59Z,80.06116506071328,64.74695275480106
2016-11-02T08:59:59Z,80.0307990829544,63.73722484665461
2016-11-02T09:59:59Z,78.67535278838865,63.165160569529434
2016-11-02T10:59:59Z,78.38886317356334,62.81007554760259
2016-11-02T11:59:59Z,78.10959369738315,64.3879448986837
2016-11-02T12:59:59Z,78.6528215764149,64.12874289140797
2016-11-02T13:59:59Z,76.70341966587546,62.48834861072679
2016-11-02T14:59:59Z,79.06745533164332,65.44687838287946
2016-11-02T15:59:59Z,80.95165233131576,65.54116124785965
2016-11-02T16:59:59Z,81.20509638830373,68.24712455902535
2016-11-02T17:59:59Z,73.44801815223799,60.7542093721543
2016-11-02T18:59:59Z,73.34663846434397,58.8693866812417
2016-11-02T19:59:59Z,80.55672552044332,67.08392680413755
2016-11-02T20:59:59Z,81.01683317526357,66.90524857740265
2016-11-02T21:59:59Z,81.21023946882576,66.81113227056372
2016-11-02T22:59:59Z,81.13907731926248,66.17691857619467
2016-11-02T23:59:59Z,81.21746650690763,66.72322687990186
2016-11-03T00:59:59Z,81.76783778469338,66.91924834262237
2016-11-03T01:59:59Z,82.92675447106204,66.99406468013179
2016-11-03T02:59:59Z,82.78480620075251,67.77850827005429
2016-11-03T03:59:59Z,82.58905429544068,68.52856591294106
2016-11-03T04:59:59Z,81.5584389159187,65.48431948452694
2016-11-03T05:59:59Z,81.01642421946353,64.85738305582969
2016-11-03T06:59:59Z,81.08829404375058,65.86357713790035
2016-11-03T07:59:59Z,79.9249152863802,64.6466449583189
2016-11-03T08:59:59Z,79.60944408216596,61.68605646481112
2016-11-03T09:59:59Z,80.80983271318551,61.20479733289946
2016-11-03T10:59:59Z,81.12336488004264,62.84274397617652
2016-11-03T11:59:59Z,81.28625250215889,62.74263016720324
2016-11-03T12:59:59Z,80.92480555787931,63.2766422368355
2016-11-03T13:59:59Z,81.4143337910143,65.80708526969109
2016-11-03T14:59:59Z,81.781661749245,64.86759258428779
2016-11-03T15:59:59Z,82.4790297751626,66.74451340243493
2016-11-03T16:59:59Z,82.45952338617936,65.91095109448132
2016-11-03T17:59:59Z,75.06800468482491,57.61816690941267
2016-11-03T18:59:59Z,77.13913918258349,62.41614922908976
2016-11-03T19:59:59Z,81.52159316592015,65.50240143488617
2016-11-03T20:59:59Z,82.54867212205063,66.71597016743362
2016-11-03T21:59:59Z,81.65682801043684,67.47462745933956
2016-11-03T22:59:59Z,81.79187267143571,67.26072121358379
2016-11-03T23:59:59Z,80.29250559760752,65.03748343859456
2016-11-04T00:59:59Z,80.96471617448788,65.49278091704974
2016-11-04T01:59:59Z,81.10294018745454,64.90050950505612
2016-11-04T02:59:59Z,81.48655752017727,65.65522063654116
2016-11-04T03:59:59Z,80.72255358283321,67.24358833873588
2016-11-04T04:59:59Z,80.68051067351432,66.98292150670403
2016-11-04T05:59:59Z,80.82879328905734,67.09362894699565
2016-11-04T06:59:59Z,80.25620563557946,66.7379264233536
2016-11-04T07:59:59Z,81.54644313330941,69.00787582864902
2016-11-04T08:59:59Z,81.11318583513459,68.2395805817368
2016-11-04T09:59:59Z,80.15089363178942,65.25338519850817
2016-11-04T10:59:59Z,81.31528567660382,67.72342564136031
2016-11-04T11:59:59Z,83.23754006606573,69.00832007625814
2016-11-04T12:59:59Z,84.51432012688188,70.48264177496705
2016-11-04T13:59:59Z,84.62304025080341,67.55737616849197
2016-11-04T14:59:59Z,83.13316217671522,66.91097668555409
2016-11-04T15:59:59Z,79.13668676307587,63.31415428870096
2016-11-04T16:59:59Z,83.93959527376454,70.38211150347352
2016-11-04T17:59:59Z,80.81883349077991,65.7144864762024
2016-11-04T18:59:59Z,83.85700875656279,69.49544974556116
2016-11-04T19:59:59Z,83.46375350091715,69.29086941142674
2016-11-04T20:59:59Z,82.6847550595431,68.72826361292474
2016-11-04T21:59:59Z,82.99932198331959,67.75412348019336
2016-11-04T22:59:59Z,82.48391365344933,68.51322359923662
2016-11-04T23:59:59Z,84.10956959779293,71.01214033948395
2016-11-05T00:59:59Z,84.85766054598894,69.47416592412587
2016-11-05T01:59:59Z,83.61935723663368,65.96243712940117
2016-11-05T02:59:59Z,80.3088993697228,64.805587209092
2016-11-05T03:59:59Z,81.14616696326654,67.50068482911054
2016-11-05T04:59:59Z,82.3634353721062,68.61357000916773
2016-11-05T05:59:59Z,83.18140596288991,70.13738813743434
2016-11-05T06:59:59Z,82.22382812708321,69.5455564544912
2016-11-05T07:59:59Z,83.0842225511242,70.17893661957974
2016-11-05T08:59:59Z,83.84070360436955,70.5628534960684
2016-11-05T09:59:59Z,75.32122241626595,61.88585240890676
2016-11-05T10:59:59Z,83.69354610137434,67.19472309000962
2016-11-05T11:59:59Z,83.35423687310517,66.55057734814363
2016-11-05T12:59:59Z,83.28943827363328,67.73331879232165
2016-11-05T13:59:59Z,80.93974942013523,65.29203406393579
2016-11-05T14:59:59Z,83.71996512772327,69.54779228240506
2016-11-05T15:59:59Z,84.58426958095644,69.48779493224981
2016-11-05T16:59:59Z,81.66327438237086,65.72509310393967
2016-11-05T17:59:59Z,84.50231883159897,69.73109534585187
2016-11-05T18:59:59Z,82.79633191419778,66.39389011734306
2016-11-05T19:59:59Z,82.25212118753454,66.95677333440153
2016-11-05T20:59:59Z,77.90497483604058,63.085250139573255
2016-11-05T21:59:59Z,82.37488326523814,68.66551625885384
2016-11-05T22:59:59Z,82.7808652699451,68.58583646138953
2016-11-05T23:59:59Z,83.54626576517346,68.8998761428234
2016-11-06T00:59:59Z,83.66931257826593,68.92108403532137
2016-11-06T01:59:59Z,81.88948671735358,66.63619347084799
2016-11-06T02:59:59Z,82.73054285240421,68.48609010380892
2016-11-06T03:59:59Z,83.50360308626114,68.66314616879104
2016-11-06T04:59:59Z,83.99033685500207,68.8613314815391
2016-11-06T05:59:59Z,83.89231722551922,68.8380723974986
2016-11-06T06:59:59Z,81.93148242499296,66.07509193477466
2016-11-06T07:59:59Z,83.04074252661876,68.35464106809295
2016-11-06T08:59:59Z,82.80688730098613,68.28245833465247
2016-11-06T09:59:59Z,83.87767033376387,68.23544160244775
2016-11-06T10:59:59Z,79.02761861369224,63.55315098765271
2016-11-06T11:59:59Z,74.2236735969776,56.7757571893757
2016-11-06T12:59:59Z,78.43362117188015,59.967018121580345
2016-11-06T13:59:59Z,78.19047120849415,58.95623774445231
2016-11-06T14:59:59Z,74.48329650120927,53.85161647193212
2016-11-06T15:59:59Z,74.8406742587852,55.06727011430633
2016-11-06T16:59:59Z,78.59874046302768,60.30917674947765
2016-11-06T17:59:59Z,78.33441758924842,58.876772201200225
2016-11-06T18:59:59Z,78.2804154508428,59.1502878314857
2016-11-06T19:59:59Z,79.69559654462284,60.61684788284239
2016-11-06T20:59:59Z,82.3317425714979,63.782115788644205
2016-11-06T21:59:59Z,84.28873921502377,66.38322108847728
2016-11-06T22:59:59Z,84.94817672807048,67.64828371745888
2016-11-06T23:59:59Z,85.04555598974491,68.71031917982287
2016-11-07T00:59:59Z,85.74869999863142,68.99498493497227
2016-11-07T01:59:59Z,80.70512655206957,63.90552270825393
2016-11-07T02:59:59Z,85.27480625484951,68.07536106680749
2016-11-07T03:59:59Z,86.17227672776436,68.03563126026356
2016-11-07T04:59:59Z,84.83834843261873,67.00838093828553
2016-11-07T05:59:59Z,83.65203123279287,67.51229534942041
2016-11-07T06:59:59Z,83.42885539709353,66.29360916400245
2016-11-07T07:59:59Z,85.24249626861355,68.77893963056005
2016-11-07T08:59:59Z,83.59922140169674,63.737943237889084
2016-11-07T09:59:59Z,85.73587658929038,68.2259636867289
2016-11-07T10:59:59Z,84.89096681134616,67.63299523616311
2016-11-07T11:59:59Z,83.99952356395742,66.98687882299252
2016-11-07T12:59:59Z,84.49034012284356,67.54107096770687
2016-11-07T13:59:59Z,82.42581701601385,66.13621777572736
2016-11-07T14:59:59Z,82.52656633163689,65.73951855198086
2016-11-07T15:59:59Z,83.67467837721576,68.24016537030018
2016-11-07T16:59:59Z,84.28954654312797,67.55338581939223
2016-11-07T17:59:59Z,83.54421217953727,65.7762459285066
2016-11-07T18:59:59Z,80.55978340362496,63.08650276456457
2016-11-07T19:59:59Z,81.55103074092703,65.41076670442199
2016-11-07T20:59:59Z,81.07561436811122,64.60911717010984
2016-11-07T21:59:59Z,81.63748532194673,64.44233485501925
2016-11-07T22:59:59Z,82.83545364659555,67.63745927939273
2016-11-07T23:59:59Z,83.46268975091415,68.48540028173878
2016-11-08T00:59:59Z,81.59297372640434,65.38430992438471
2016-11-08T01:59:59Z,81.34979935222276,65.05472466954785
2016-11-08T02:59:59Z,80.15733086401134,64.3488968105656
2016-11-08T03:59:59Z,84.12428849260804,69.92193204615506
2016-11-08T04:59:59Z,81.34137577833398,68.31485073364013
2016-11-08T05:59:59Z,80.7358541355046,64.96871288581802
2016-11-08T06:59:59Z,79.93540933718582,64.85763995325983
2016-11-08T07:59:59Z,81.1755618655838,65.72167979145205
2016-11-08T08:59:59Z,82.05177275904225,68.16457717692187
2016-11-08T09:59:59Z,85.64157395296824,70.7606420109889
2016-11-08T10:59:59Z,85.48087482287865,70.72296391411385
2016-11-08T11:59:59Z,85.76424255352238,71.745761668983
2016-11-08T12:59:59Z,86.55282304703879,71.8128619302167
2016-11-08T13:59:59Z,86.27632138549347,71.18451212169423
2016-11-08T14:59:59Z,83.94339608156564,67.63698009171884
2016-11-08T15:59:59Z,81.80636362864664,66.53248587023292
2016-11-08T16:59:59Z,82.9172898225258,67.3553960391461
2016-11-08T17:59:59Z,85.44499292376202,70.76107388115354
2016-11-08T18:59:59Z,84.49992916837087,67.75995944263212
2016-11-08T19:59:59Z,85.34181418908383,68.95678062888426
2016-11-08T20:59:59Z,83.95963678973358,68.18436693827759
2016-11-08T21:59:59Z,81.64368478641877,64.32825620453166
2016-11-08T22:59:59Z,80.39189020389796,63.715243765958604
2016-11-08T23:59:59Z,81.752368040573,65.58509397580248
2016-11-09T00:59:59Z,82.24330347786999,67.25886745273856
2016-11-09T01:59:59Z,82.98011857083084,69.14571793524836
2016-11-09T02:59:59Z,84.4221085508377,70.01005531479285
2016-11-09T03:59:59Z,84.89697911304414,69.69178541269171
2016-11-09T04:59:59Z,83.85290481766246,68.76225732013557
2016-11-09T05:59:59Z,84.25190809398663,68.3363624863945
2016-11-09T06:59:59Z,86.29127082751795,71.15351682682366
2016-11-09T07:59:59Z,86.45063624844288,72.26523437223105
2016-11-09T08:59:59Z,87.13883957097998,71.9042676305847
2016-11-09T09:59:59Z,86.30382606624558,71.97801772283391
2016-11-09T10:59:59Z,85.0647823496552,68.91410877559991
2016-11-09T11:59:59Z,83.16617826381727,67.4271794797494
2016-11-09T12:59:59Z,83.5747622195863,67.47369796296934
2016-11-09T13:59:59Z,84.96229228573158,70.09887623974068
2016-11-09T14:59:59Z,86.41302093247589,71.82263023730906
2016-11-09T15:59:59Z,85.30473442672047,70.85399851783795
2016-11-09T16:59:59Z,84.43266002981875,68.15105648622661
2016-11-09T17:59:59Z,86.28028623631894,69.25649036988898
2016-11-09T18:59:59Z,82.9577144610182,65.47337706360051
2016-11-09T19:59:59Z,82.11417851840298,66.01145970855848
2016-11-09T20:59:59Z,83.65654929252936,70.54727982815317
2016-11-09T21:59:59Z,83.60226811556758,68.72825470882786
2016-11-09T22:59:59Z,82.60966768750784,66.06669717925172
2016-11-09T23:59:59Z,83.50526375992962,67.76583165627703
2016-11-10T00:59:59Z,83.21181001425639,68.08012200502422
2016-11-10T01:59:59Z,83.84403146859846,68.60844686717934
2016-11-10T02:59:59Z,84.62694180899176,69.54055790682001
2016-11-10T03:59:59Z,84.55856895464227,69.37049481020875
2016-11-10T04:59:59Z,83.86336856659189,67.68181938263858
2016-11-10T05:59:59Z,83.32288632742141,67.06072825497647
2016-11-10T06:59:59Z,84.25340984102269,69.3617389961608
2016-11-10T07:59:59Z,83.57622376613445,68.46452210048669
2016-11-10T08:59:59Z,81.61291362499442,65.66031040210224
2016-11-10T09:59:59Z,81.1601340056803,64.60401498502591
2016-11-10T10:59:59Z,81.8133955317337,65.33630271885367
2016-11-10T11:59:59Z,80.77717283037224,65.04674728478354
2016-11-10T12:59:59Z,81.41998839214439,65.58497847110206
2016-11-10T13:59:59Z,77.74624089818876,61.71668299076043
2016-11-10T14:59:59Z,82.05462954455817,67.28569177209681
2016-11-10T15:59:59Z,82.7743495926896,64.27772825925386
2016-11-10T16:59:59Z,75.77674309431175,54.053247716074026
2016-11-10T17:59:59Z,75.48245056130392,54.92727586479823
2016-11-10T18:59:59Z,75.78342808083586,55.154512715663856
2016-11-10T19:59:59Z,75.74909614344853,55.667843591710465
2016-11-10T20:59:59Z,75.91012032520194,55.32840739179092
2016-11-10T21:59:59Z,76.30568768236434,57.77847545179894
2016-11-10T22:59:59Z,80.8341398788943,60.50781331970481
2016-11-10T23:59:59Z,81.09661338690104,62.833530934530785
2016-11-11T00:59:59Z,81.2537459762196,64.53244229984868
2016-11-11T01:59:59Z,82.50752897194822,64.99028584558572
2016-11-11T02:59:59Z,83.99042932253909,68.35706830109564
2016-11-11T03:59:59Z,83.35801434065726,68.11196793821001
2016-11-11T04:59:59Z,83.54552097254337,69.83620254382656
2016-11-11T05:59:59Z,82.94430190798656,70.0524195229668
2016-11-11T06:59:59Z,83.65522514401357,68.12269557032681
2016-11-11T07:59:59Z,83.77041143207079,68.10429903597145
2016-11-11T08:59:59Z,80.28487669027923,63.09436024257414
2016-11-11T09:59:59Z,77.09424604692549,60.041484334334086
2016-11-11T10:59:59Z,78.57764641644047,63.55988131818794
2016-11-11T11:59:59Z,79.48058011216074,66.7652662530356
2016-11-11T12:59:59Z,79.73631510392318,67.23533091147534
2016-11-11T13:59:59Z,82.86834540083811,70.65541972060502
2016-11-11T14:59:59Z,81.04651676830083,67.73461000884672
2016-11-11T15:59:59Z,82.09099410269191,69.06099344913439
2016-11-11T16:59:59Z,82.16041158208249,69.89281630106794
2016-11-11T17:59:59Z,81.97837612841478,68.90568265977384
2016-11-11T18:59:59Z,83.06262809396726,70.28973905650498
2016-11-11T19:59:59Z,82.46617028151591,69.71123261077177
2016-11-11T20:59:59Z,82.05851948284,68.9835368133773
2016-11-11T21:59:59Z,82.29398070577341,69.18546481215577
2016-11-11T22:59:59Z,81.441473051802,67.31634308036728
2016-11-11T23:59:59Z,82.82587667694872,70.85365768164924
2016-11-12T00:59:59Z,83.31503025599885,71.6860056207753
2016-11-12T01:59:59Z,82.48775493872314,68.30040258026253
2016-11-12T02:59:59Z,81.66896533703219,68.17890841502452
2016-11-12T03:59:59Z,81.87197942166097,68.85247799220738
2016-11-12T04:59:59Z,83.10411294936559,70.80973523175624
2016-11-12T05:59:59Z,83.35536935728972,70.36856267908999
2016-11-12T06:59:59Z,82.0568465221229,67.33728252779078
2016-11-12T07:59:59Z,83.90176345838758,69.9666747513396
2016-11-12T08:59:59Z,83.49421402735578,69.44131143276576
2016-11-12T09:59:59Z,82.90554787013879,69.40627232846613
2016-11-12T10:59:59Z,83.18762325993025,69.5862550301128
2016-11-12T11:59:59Z,84.04163004930925,70.85539521677711
2016-11-12T12:59:59Z,83.55539970493707,70.76852270153765
2016-11-12T13:59:59Z,83.96305991141226,71.52537148399858
2016-11-12T14:59:59Z,83.92016279580169,70.40996322058714
2016-11-12T15:59:59Z,82.43030785137377,67.06393922566802
2016-11-12T16:59:59Z,81.47243778370259,65.78709634583831
2016-11-12T17:59:59Z,81.76353023614335,66.81901764980984
2016-11-12T18:59:59Z,82.81565736123265,69.35268601374281
2016-11-12T19:59:59Z,82.30464056910596,69.7438958687274
2016-11-12T20:59:59Z,82.796418534585,69.78865248443489
2016-11-12T21:59:59Z,84.68360595051429,72.34413954514064
2016-11-12T22:59:59Z,80.65827727600077,65.58300161475807
2016-11-12T23:59:59Z,84.75245415282306,71.74419505385939
2016-11-13T00:59:59Z,83.09576959453689,69.16086108740626
2016-11-13T01:59:59Z,83.29932726644647,69.81157602119588
2016-11-13T02:59:59Z,83.86774609667974,70.80479694610952
2016-11-13T03:59:59Z,84.08717118388167,70.89742189840221
2016-11-13T04:59:59Z,83.09479109374308,69.71650287785722
2016-11-13T05:59:59Z,83.31465561482393,69.74034578650497
2016-11-13T06:59:59Z,84.0799130399076,70.46250482432258
2016-11-13T07:59:59Z,83.6396474630019,70.68642156856971
2016-11-13T08:59:59Z,84.32629982351177,70.54798528271542
2016-11-13T09:59:59Z,84.76199754287906,71.43537995548354
2016-11-13T10:59:59Z,83.89203671268524,68.40976560288203
2016-11-13T11:59:59Z,85.60130854066313,71.36529667821026
2016-11-13T12:59:59Z,81.75647748159349,65.36154478100644
2016-11-13T13:59:59Z,80.45830831389547,66.31280645304398
2016-11-13T14:59:59Z,79.20782570858142,63.98866768889176
2016-11-13T15:59:59Z,86.49909649773765,72.86372528573557
2016-11-13T16:59:59Z,84.33270477504091,68.4693118551635
2016-11-13T17:59:59Z,84.53441840472664,69.5527205932034
2016-11-13T18:59:59Z,84.71950847477558,69.67283145073878
2016-11-13T19:59:59Z,86.28770594243541,71.46804740989481
2016-11-13T20:59:59Z,87.17890537174166,74.7362736182403
2016-11-13T21:59:59Z,87.31755848518712,73.7065436897313
2016-11-13T22:59:59Z,85.6462440627843,70.68861246240449
2016-11-13T23:59:59Z,79.78469117899702,65.34179339753477
2016-11-14T00:59:59Z,83.93246857112042,69.55661866843624
2016-11-14T01:59:59Z,86.01168230901594,72.05493859111179
2016-11-14T02:59:59Z,84.84067956444636,70.30523395010913
2016-11-14T03:59:59Z,84.48768151702238,69.55465255000831
2016-11-14T04:59:59Z,83.2208905509449,67.61602707456096
2016-11-14T05:59:59Z,85.72951813693703,71.36353594462548
2016-11-14T06:59:59Z,84.60251899179356,69.92517886362607
2016-11-14T07:59:59Z,85.23013206715744,69.85194899583394
2016-11-14T08:59:59Z,86.28984969108508,70.86223497993798
2016-11-14T09:59:59Z,86.91920320217461,71.9339051408293
2016-11-14T10:59:59Z,84.61984188811043,68.25605111884173
2016-11-14T11:59:59Z,83.34277294726262,67.88773399350785
2016-11-14T12:59:59Z,83.75268621444464,68.31828582132769
2016-11-14T13:59:59Z,86.2556261582182,70.48974844225597
2016-11-14T14:59:59Z,87.33093416266009,71.38405563708025
2016-11-14T15:59:59Z,87.99671023985427,72.56840464253759
2016-11-14T16:59:59Z,87.22130784401526,70.87700512018452
2016-11-14T17:59:59Z,86.52769472627973,69.56262499674568
2016-11-14T18:59:59Z,86.67605320945239,69.48207246110286
2016-11-14T19:59:59Z,87.05992399975996,69.25506829836013
2016-11-14T20:59:59Z,86.92711643472263,69.29528182362657
2016-11-14T21:59:59Z,86.12910213574297,68.8155414253802
2016-11-14T22:59:59Z,86.90854866592576,69.71733106629125
2016-11-14T23:59:59Z,86.70898173167821,69.43766236178732
2016-11-15T00:59:59Z,87.52227340382304,70.89079578597529
2016-11-15T01:59:59Z,86.17865606343992,69.04440610259763
2016-11-15T02:59:59Z,86.48166230707916,69.62804365488556
2016-11-15T03:59:59Z,85.38015898420822,68.34796520451219
2016-11-15T04:59:59Z,85.4048890434396,68.740971949125
2016-11-15T05:59:59Z,85.86287068730583,69.79371550818837
2016-11-15T06:59:59Z,86.5660732886012,70.68999614088926
2016-11-15T07:59:59Z,86.4216316405068,70.54053478044567
2016-11-15T08:59:59Z,86.4596943925352,70.81171123697749
2016-11-15T09:59:59Z,86.85034151987043,70.90870156471111
2016-11-15T10:59:59Z,86.81722106704287,70.90345345115048
2016-11-15T11:59:59Z,86.3953370808723,71.29887381755148
2016-11-15T12:59:59Z,87.30101789831615,71.51985567278497
2016-11-15T13:59:59Z,86.66250662128755,70.47109267572179
2016-11-15T14:59:59Z,87.18235514359635,70.61140600634158
2016-11-15T15:59:59Z,85.92030975746337,69.53175661046629
2016-11-15T16:59:59Z,85.84780493511663,69.46731998378756
2016-11-15T17:59:59Z,82.22210985487027,65.38126468037362
2016-11-15T18:59:59Z,86.97764433191065,71.67006633782701
2016-11-15T19:59:59Z,86.62775664324154,70.53677946761242
2016-11-15T20:59:59Z,86.75039147740817,70.09532702709822
2016-11-15T21:59:59Z,85.0287425285186,68.58111467402362
2016-11-15T22:59:59Z,86.39535327406479,69.73908859988835
2016-11-15T23:59:59Z,80.35575274634698,63.72293058660724
2016-11-16T00:59:59Z,80.26732142101703,63.93828147844441
2016-11-16T01:59:59Z,85.7722190921666,71.80645074178354
2016-11-16T02:59:59Z,86.06653868362669,69.8270278133218
2016-11-16T03:59:59Z,86.27913491602901,70.29030438329266
2016-11-16T04:59:59Z,86.41064201448988,70.39320030507915
2016-11-16T05:59:59Z,86.48348517046402,71.03710715671062
2016-11-16T06:59:59Z,86.62232183336728,70.93735907557692
2016-11-16T07:59:59Z,86.89683862755066,70.53116392438574
2016-11-16T08:59:59Z,87.42463164509074,71.17762331782859
2016-11-16T09:59:59Z,87.00785901327538,69.80291155476961
2016-11-16T10:59:59Z,86.60978547447063,68.25313794938909
2016-11-16T11:59:59Z,86.30131361788409,66.88497148801048
2016-11-16T12:59:59Z,87.1559634775856,68.34900390592301
2016-11-16T13:59:59Z,86.76515738443481,68.8259130076346
2016-11-16T14:59:59Z,87.60021778686196,70.34580567959097
2016-11-16T15:59:59Z,82.09724323893766,64.4126459476989
2016-11-16T16:59:59Z,86.96935126906972,68.78830151029044
2016-11-16T17:59:59Z,85.63469216790743,68.06899976053249
2016-11-16T18:59:59Z,84.12000436959046,67.41214275217827
2016-11-16T19:59:59Z,82.79592182373845,67.80162908002244
2016-11-16T20:59:59Z,83.99303766276931,68.58758752239356
2016-11-16T21:59:59Z,83.61292818502012,68.79268410422807
2016-11-16T22:59:59Z,85.60678149951467,71.55886670584111
2016-11-16T23:59:59Z,85.71905128156867,74.1903745470662
2016-11-17T00:59:59Z,86.18821237985289,73.76694071095554
2016-11-17T01:59:59Z,87.30285206452652,74.12938871461206
2016-11-17T02:59:59Z,87.72810515840638,73.66926047243624
2016-11-17T03:59:59Z,86.83447875952652,71.76173642089994
2016-11-17T04:59:59Z,86.25410962378271,71.13420343835612
2016-11-17T05:59:59Z,84.7730449600409,69.17389860880846
2016-11-17T06:59:59Z,84.7353654905415,69.92664084461553
2016-11-17T07:59:59Z,85.46401223573112,70.40838147517496
2016-11-17T08:59:59Z,85.69140179876122,71.16686027680021
2016-11-17T09:59:59Z,85.23398317846306,69.35766465298315
2016-11-17T10:59:59Z,85.78736412755154,66.30594190578037
2016-11-17T11:59:59Z,85.54954431822166,67.29794284413143
2016-11-17T12:59:59Z,80.45506468636383,63.96732115806622
2016-11-17T13:59:59Z,86.57922110140174,70.54528885965108
2016-11-17T14:59:59Z,85.97281789010525,69.30082888208177
2016-11-17T15:59:59Z,86.32760767983693,68.44707868970163
2016-11-17T16:59:59Z,85.9838924378177,69.7933459121833
2016-11-17T17:59:59Z,84.88870113223236,67.27050520453334
2016-11-17T18:59:59Z,85.71050437829695,67.92807565375824
2016-11-17T19:59:59Z,84.99132121097294,65.63431589847616
2016-11-17T20:59:59Z,84.20718908135552,67.35412581372105
2016-11-17T21:59:59Z,83.50714396894284,66.96965609029601
2016-11-17T22:59:59Z,85.35563181987804,68.92114294309108
2016-11-17T23:59:59Z,83.71007321429126,66.35608961315467
2016-11-18T00:59:59Z,85.09041232367078,69.4807679827579
2016-11-18T01:59:59Z,79.167117233598,63.84792502536892
2016-11-18T02:59:59Z,84.74648839264192,71.48211724044981
2016-11-18T03:59:59Z,83.79457033807645,69.71673255537283
2016-11-18T04:59:59Z,83.22952919515842,67.86157717259954
2016-11-18T05:59:59Z,83.55290432970857,68.57162181540512
2016-11-18T06:59:59Z,84.64011982107836,71.11244905386864
2016-11-18T07:59:59Z,84.92833028481603,71.74632142994902
2016-11-18T08:59:59Z,85.76088963854006,70.6890002739491
2016-11-18T09:59:59Z,86.5407204664687,71.93359025436214
2016-11-18T10:59:59Z,86.54212727928177,72.69661134913207
2016-11-18T11:59:59Z,86.98137122381031,73.37628240363516
2016-11-18T12:59:59Z,87.46478078291024,72.00045586957322
2016-11-18T13:59:59Z,87.5743366794726,72.4826357873095
2016-11-18T14:59:59Z,88.58289108482684,71.71343915299114
2016-11-18T15:59:59Z,80.28354377563528,64.80685026015958
2016-11-18T16:59:59Z,88.13903183174729,70.9924376950967
2016-11-18T17:59:59Z,86.88089980260634,67.96520653415503
2016-11-18T18:59:59Z,85.73379580226906,68.49670797459558
2016-11-18T19:59:59Z,87.80428398883942,71.92103338919976
2016-11-18T20:59:59Z,87.62229526553809,71.52494731580748
2016-11-18T21:59:59Z,87.76427632015323,72.14286311477079
2016-11-18T22:59:59Z,88.670454317299,72.63793525696475
2016-11-18T23:59:59Z,87.17344244957182,71.16142781471268
2016-11-19T00:59:59Z,87.12847238899252,70.38540290601485
2016-11-19T01:59:59Z,87.04392418151679,70.42156498729742
2016-11-19T02:59:59Z,88.0018848073629,72.14231234833989
2016-11-19T03:59:59Z,87.68767698980541,71.98601347203125
2016-11-19T04:59:59Z,87.9144410013436,71.99700571297184
2016-11-19T05:59:59Z,87.48484990472367,71.7735523238659
2016-11-19T06:59:59Z,87.97237325638048,72.42321721027913
2016-11-19T07:59:59Z,87.91540381410574,72.13644994511533
2016-11-19T08:59:59Z,87.86798714852678,71.74689842865554
2016-11-19T09:59:59Z,87.64089781380441,71.06912988565581
2016-11-19T10:59:59Z,88.32766436678416,71.8942068734311
2016-11-19T11:59:59Z,88.0897278519335,68.90149146723844
2016-11-19T12:59:59Z,88.32897703808912,71.5038345591225
2016-11-19T13:59:59Z,88.30276450474838,71.74950425846622
2016-11-19T14:59:59Z,88.45542261142516,72.60726024788431
2016-11-19T15:59:59Z,82.3975866930515,66.70874223272943
2016-11-19T16:59:59Z,88.09823433371518,72.52732010417608
2016-11-19T17:59:59Z,87.5536448455058,71.66790570718787
2016-11-19T18:59:59Z,85.81856771476349,69.85768311095862
2016-11-19T19:59:59Z,88.67375607649588,73.6471464911859
2016-11-19T20:59:59Z,88.18126130534522,73.69704758085663
2016-11-19T21:59:59Z,87.30673160543392,72.23133620166134
2016-11-19T22:59:59Z,86.88173383873351,71.43798373522222
2016-11-19T23:59:59Z,87.71860176792357,72.82533116972905
2016-11-20T00:59:59Z,87.3239372106808,72.87928424031163
2016-11-20T01:59:59Z,87.67954440528335,71.58222749998964
2016-11-20T02:59:59Z,87.92502864257801,71.76860577660194
2016-11-20T03:59:59Z,88.67990686140702,73.70319690499517
2016-11-20T04:59:59Z,87.55756593743637,70.21606160615389
2016-11-20T05:59:59Z,87.29316560088922,69.66273586678197
2016-11-20T06:59:59Z,87.19446754723715,70.84585549759785
2016-11-20T07:59:59Z,87.7927345903845,68.57777510264583
2016-11-20T08:59:59Z,87.9614739614243,70.28881357789815
2016-11-20T09:59:59Z,88.07414637127992,70.86276294223791
2016-11-20T10:59:59Z,87.52500511209958,71.63415575454316
2016-11-20T11:59:59Z,88.17171507905744,70.63232532970771
2016-11-20T12:59:59Z,88.09282893093355,71.65844996660336
2016-11-20T13:59:59Z,88.29462020530003,72.43871996793253
2016-11-20T14:59:59Z,88.35992249502745,72.16914058165327
2016-11-20T15:59:59Z,88.07066854727502,72.7549931668508
2016-11-20T16:59:59Z,87.00100074793501,71.79713728293284
2016-11-20T17:59:59Z,86.14716512329778,69.56022228616149
2016-11-20T18:59:59Z,86.07021763454308,69.83836157506907
2016-11-20T19:59:59Z,87.57195497466678,71.51616748235787
2016-11-20T20:59:59Z,88.01182945658336,70.69528324365061
2016-11-20T21:59:59Z,88.06831305264397,69.1384917678092
2016-11-20T22:59:59Z,87.88729039074381,70.68651710083674
2016-11-20T23:59:59Z,87.83658181032554,72.31450365168239
2016-11-21T00:59:59Z,88.14721315942995,73.414017658268
2016-11-21T01:59:59Z,87.9448811462825,72.49500113127672
2016-11-21T02:59:59Z,88.02923777371556,72.43156384468905
2016-11-21T03:59:59Z,87.64917189520152,72.53197327270121
2016-11-21T04:59:59Z,87.32641177951689,71.96923946593864
2016-11-21T05:59:59Z,87.11902578524467,71.92392858256913
2016-11-21T06:59:59Z,87.19176680830397,72.66013672657056
2016-11-21T07:59:59Z,87.90924966135026,73.58338667964416
2016-11-21T08:59:59Z,87.83728463838993,73.42528922422076
2016-11-21T09:59:59Z,87.70062575037555,73.38232022926101
2016-11-21T10:59:59Z,87.71740469638998,73.53100791669875
2016-11-21T11:59:59Z,87.90557278536635,73.46177037422781
2016-11-21T12:59:59Z,87.30693206762736,73.2014953567052
2016-11-21T13:59:59Z,87.59838057313839,72.88704738869133
2016-11-21T14:59:59Z,87.21122388105091,72.30626520744347
2016-11-21T15:59:59Z,87.40924306495229,72.87818057495471
2016-11-21T16:59:59Z,87.09612611694092,72.2694090364427
2016-11-21T17:59:59Z,87.43138050192908,72.71083222820488
2016-11-21T18:59:59Z,87.06378533555075,72.46934669377809
2016-11-21T19:59:59Z,86.72520948835022,71.79365503155537
2016-11-21T20:59:59Z,85.91524439080236,71.19114152186862
2016-11-21T21:59:59Z,87.70456468302768,73.31888857332052
2016-11-21T22:59:59Z,87.72442036921443,73.29300134784086
2016-11-21T23:59:59Z,88.07859006375487,73.46777958995622
2016-11-22T00:59:59Z,88.01261522134166,73.21694571969428
2016-11-22T01:59:59Z,87.90667744013058,73.05630149202938
2016-11-22T02:59:59Z,87.46468414625413,72.87423810392016
2016-11-22T03:59:59Z,87.66198778483822,71.65817128800153
2016-11-22T04:59:59Z,87.45052165305613,68.68486605868902
2016-11-22T05:59:59Z,87.4596890407746,70.36157279998322
2016-11-22T06:59:59Z,87.28345625143673,70.70208030104025
2016-11-22T07:59:59Z,87.13148966934756,71.54192072134889
2016-11-22T08:59:59Z,87.36305036500086,71.86704292338187
2016-11-22T09:59:59Z,87.45172838969422,72.2482922320291
2016-11-22T10:59:59Z,87.87745011323041,73.19537415739639
2016-11-22T11:59:59Z,87.64354504135315,72.65500411445534
2016-11-22T12:59:59Z,87.38785627412388,68.8935754986257
2016-11-22T13:59:59Z,86.63936615067571,69.21643185143456
2016-11-22T14:59:59Z,87.14278909990806,70.73782505666098
2016-11-22T15:59:59Z,87.40564352386218,72.62987158872146
2016-11-22T16:59:59Z,87.89085791208258,73.9368531387927
2016-11-22T17:59:59Z,87.812869564783,73.58939888038725
2016-11-22T18:59:59Z,87.63862513617728,73.49985681040116
2016-11-22T19:59:59Z,87.91659380744932,73.87146751198799
2016-11-22T20:59:59Z,88.1367683848224,74.19961073371533
2016-11-22T21:59:59Z,87.98338078997443,73.55869813088995
2016-11-22T22:59:59Z,87.9026011772708,71.63145909175591
2016-11-22T23:59:59Z,87.47535748111112,70.17951871784224
2016-11-23T00:59:59Z,86.69062718021122,70.1286269844366
2016-11-23T01:59:59Z,86.69825626546351,71.18547560801198
2016-11-23T02:59:59Z,87.60761740947862,72.33683753397368
2016-11-23T03:59:59Z,88.37593841504354,73.40540426241677
2016-11-23T04:59:59Z,88.6959278298708,73.14558041646916
2016-11-23T05:59:59Z,88.80011252167249,70.87536379783432
2016-11-23T06:59:59Z,88.72536005364941,71.74386510746268
2016-11-23T07:59:59Z,88.57966202298526,72.769719406262
2016-11-23T08:59:59Z,88.7137226830938,70.11757174743447
2016-11-23T09:59:59Z,88.59093598014785,71.43903149823598
2016-11-23T10:59:59Z,88.4598646964421,73.19927386695029
2016-11-23T11:59:59Z,88.50330451585091,73.40270354768963
2016-11-23T12:59:59Z,88.45073683752706,73.21223925808833
2016-11-23T13:59:59Z,88.45977210470566,73.30050056943563
2016-11-23T14:59:59Z,88.2434902982496,73.47593223020415
2016-11-23T15:59:59Z,87.68249852095657,72.60921154727166
2016-11-23T16:59:59Z,87.10294676822254,71.89346638923776
2016-11-23T17:59:59Z,86.8853670769696,71.90368913043629
2016-11-23T18:59:59Z,86.96872918726177,69.89972885051552
2016-11-23T19:59:59Z,87.34963934548192,71.93386793020149
2016-11-23T20:59:59Z,87.82852067946926,71.18390951214253
2016-11-23T21:59:59Z,87.21562548257525,70.76849346804897
2016-11-23T22:59:59Z,87.00235935556435,68.02907806401647
2016-11-23T23:59:59Z,87.26055378101397,68.93425090030493
2016-11-24T00:59:59Z,87.6020353859116,70.61376662118269
2016-11-24T01:59:59Z,87.41118292378003,71.56694384999281
2016-11-24T02:59:59Z,87.8945108958673,72.33224704113064
2016-11-24T03:59:59Z,87.03591914122416,70.04559212682713
2016-11-24T04:59:59Z,86.48627412546938,67.45426149353368
2016-11-24T05:59:59Z,86.68839733061218,67.86076612551894
2016-11-24T06:59:59Z,87.32225815759121,70.27364210328088
2016-11-24T07:59:59Z,86.504316928796,69.60699472510562
2016-11-24T08:59:59Z,86.77331227806314,70.52279482881744
2016-11-24T09:59:59Z,86.86659755535611,71.36511430290665
2016-11-24T10:59:59Z,86.71989461725342,71.77508339832458
2016-11-24T11:59:59Z,80.03252213796156,64.64575427510925
2016-11-24T12:59:59Z,81.78333940932418,67.24878006720235
2016-11-24T13:59:59Z,87.01304076928176,72.60365807427135
2016-11-24T14:59:59Z,86.69222800044582,72.34749570015936
2016-11-24T15:59:59Z,86.4435617712582,71.51573119287204
2016-11-24T16:59:59Z,86.86956323333452,72.53521688026939
2016-11-24T17:59:59Z,87.20491054631889,72.77088035442142
2016-11-24T18:59:59Z,86.90200291928937,72.28409453397735
2016-11-24T19:59:59Z,87.26423134457336,72.37805236661127
2016-11-24T20:59:59Z,87.5201676320778,72.62980694860426
2016-11-24T21:59:59Z,87.12783041603687,73.16903075426873
2016-11-24T22:59:59Z,87.66304336453469,73.56048638412321
2016-11-24T23:59:59Z,87.24119646842298,73.05748222792853
2016-11-25T00:59:59Z,86.60361463268067,72.51213136972244
2016-11-25T01:59:59Z,87.74677744807695,73.5333889243413
2016-11-25T02:59:59Z,87.2063309259106,73.01098561736637
2016-11-25T03:59:59Z,85.96734631449219,72.08691829235251
2016-11-25T04:59:59Z,85.31451762736889,70.06317084626583
2016-11-25T05:59:59Z,85.98464243407996,71.74901483701116
2016-11-25T06:59:59Z,86.57435734643133,71.8317254663837
2016-11-25T07:59:59Z,87.00708250940782,73.11185820476766
2016-11-25T08:59:59Z,86.59712936619162,73.21083037568673
2016-11-25T09:59:59Z,87.03879291172946,73.48942790310723
2016-11-25T10:59:59Z,86.80807701883971,71.3741925005257
2016-11-25T11:59:59Z,85.77403008203588,69.81457065443797
2016-11-25T12:59:59Z,87.04960616071178,71.9741529080863
2016-11-25T13:59:59Z,87.51854446048291,72.61795993567898
2016-11-25T14:59:59Z,87.56148655160537,73.80863566783056
2016-11-25T15:59:59Z,78.17574032303753,63.98312521691321
2016-11-25T16:59:59Z,78.04394835279099,63.175413887354324
2016-11-25T17:59:59Z,85.70267634869474,73.51401303871869
2016-11-25T18:59:59Z,85.93489476666129,73.51453556265905
2016-11-25T19:59:59Z,85.99208786538229,72.77580525193561
2016-11-25T20:59:59Z,86.38598697616294,72.69009480431902
2016-11-25T21:59:59Z,86.39190538553594,71.97038609125863
2016-11-25T22:59:59Z,85.5012105917857,70.59738289727711
2016-11-25T23:59:59Z,86.19273495658781,71.76900265157836
2016-11-26T00:59:59Z,83.74730615765435,69.79707975660554
2016-11-26T01:59:59Z,84.06458056734634,70.74345187420424
2016-11-26T02:59:59Z,84.10334019354381,70.921627248401
2016-11-26T03:59:59Z,84.20664933627518,70.87507081495889
2016-11-26T04:59:59Z,85.99130628513963,72.55325540779216
2016-11-26T05:59:59Z,86.0607058679595,71.02405587800389
2016-11-26T06:59:59Z,86.21476178792075,73.19997727372288
2016-11-26T07:59:59Z,86.31051569758132,73.69796023520009
2016-11-26T08:59:59Z,83.72377840462967,70.88427807504708
2016-11-26T09:59:59Z,77.37871957472437,60.92506986861216
2016-11-26T10:59:59Z,77.2282984099486,54.61709852844946
2016-11-26T11:59:59Z,76.4323456631589,54.925835653262716
2016-11-26T12:59:59Z,75.07221014416416,54.60436751557184
2016-11-26T13:59:59Z,74.91843569014583,55.11635097541498
2016-11-26T14:59:59Z,74.3393768582373,54.635663518210336
2016-11-26T15:59:59Z,74.67688526999784,53.899705637426145
2016-11-26T16:59:59Z,74.26618992603424,52.86624269508235
2016-11-26T17:59:59Z,74.28977096248126,55.22601883767774
2016-11-26T18:59:59Z,77.8403424675683,58.862669190491346
2016-11-26T19:59:59Z,80.14393615735145,61.160881264663644
2016-11-26T20:59:59Z,81.63603872513652,65.47783277385946
2016-11-26T21:59:59Z,82.5015466102132,66.40691226848274
2016-11-26T22:59:59Z,82.95593641856811,68.21453711571509
2016-11-26T23:59:59Z,83.09609538732055,70.01193185846455
2016-11-27T00:59:59Z,83.61814460703455,71.77464501348074
2016-11-27T01:59:59Z,84.85294986853309,71.73947437258741
2016-11-27T02:59:59Z,82.33141544862633,67.6572104842635
2016-11-27T03:59:59Z,82.61550105788133,67.31098802774383
2016-11-27T04:59:59Z,82.5809660952389,64.13990359969874
2016-11-27T05:59:59Z,81.78717430155056,63.31263812195997
2016-11-27T06:59:59Z,81.65924380166972,63.06373185723914
2016-11-27T07:59:59Z,81.48752548725365,63.415740280603046
2016-11-27T08:59:59Z,82.4888311672603,67.33508483497417
2016-11-27T09:59:59Z,82.6597965807414,66.64280304439926
2016-11-27T10:59:59Z,82.86168080966571,67.62783804371004
2016-11-27T11:59:59Z,82.88894984727251,68.14872497001356
2016-11-27T12:59:59Z,82.0301603399155,67.60438084847526
2016-11-27T13:59:59Z,81.6474723153698,67.39533894826187
2016-11-27T14:59:59Z,84.94109472084381,68.109273721759
2016-11-27T15:59:59Z,86.4567282187092,71.11626891478913
2016-11-27T16:59:59Z,86.55814673097838,71.53195333068183
2016-11-27T17:59:59Z,85.72490175460518,71.52937873223284
2016-11-27T18:59:59Z,84.13421995180128,69.95946225863071
2016-11-27T19:59:59Z,83.74457437958648,69.23796043517738
2016-11-27T20:59:59Z,84.45069172860326,68.946069614387
2016-11-27T21:59:59Z,83.24115908930224,66.97347052576771
2016-11-27T22:59:59Z,83.20137495752216,66.50356861653906
2016-11-27T23:59:59Z,82.97807652184757,67.76898846051382
2016-11-28T00:59:59Z,83.55807911149655,69.28799194617592
2016-11-28T01:59:59Z,84.82885494464337,71.16222074612506
2016-11-28T02:59:59Z,85.35525089812268,72.29663590250419
2016-11-28T03:59:59Z,84.52471958823385,71.43138496276315
2016-11-28T04:59:59Z,85.38309122722326,71.06876528331766
2016-11-28T05:59:59Z,84.0094001488373,69.07849397669926
2016-11-28T06:59:59Z,84.24624707936344,69.1942719047386
2016-11-28T07:59:59Z,82.58363742944316,68.08236210702047
2016-11-28T08:59:59Z,85.35601096169141,70.64904583028311
2016-11-28T09:59:59Z,84.79727151587268,69.98768366480857
2016-11-28T10:59:59Z,85.28259340218229,72.03853237439114
2016-11-28T11:59:59Z,84.40248167986556,70.85306150337014
2016-11-28T12:59:59Z,86.95106184865426,72.94170465980284
2016-11-28T13:59:59Z,85.66587286197762,71.8635420058576
2016-11-28T14:59:59Z,86.31578281182557,71.56378889107668
2016-11-28T15:59:59Z,85.60463288732922,70.82187739436286
2016-11-28T16:59:59Z,80.28934473387585,65.81568356002839
2016-11-28T17:59:59Z,75.24427878448707,62.14743232748313
2016-11-28T18:59:59Z,83.43403183401044,68.85217315927154
2016-11-28T19:59:59Z,77.08615006456104,62.81974541853778
2016-11-28T20:59:59Z,86.27418086451303,71.1039425446786
2016-11-28T21:59:59Z,85.53686628650256,69.80491938599364
2016-11-28T22:59:59Z,86.05357469874248,70.24943588950914
2016-11-28T23:59:59Z,84.7775874451202,68.87307733387895
2016-11-29T00:59:59Z,85.77669081818904,69.98322920330637
2016-11-29T01:59:59Z,86.91481807823895,71.2456379196799
2016-11-29T02:59:59Z,87.7075486311738,71.56679946436154
2016-11-29T03:59:59Z,86.62878690385418,69.9246391355649
2016-11-29T04:59:59Z,86.64112253432961,70.55749139586288
2016-11-29T05:59:59Z,84.13915363002201,67.78048371737322
2016-11-29T06:59:59Z,80.79718653219216,65.72764192225075
2016-11-29T07:59:59Z,79.86281395403661,67.24830775431288
2016-11-29T08:59:59Z,83.9786241301354,71.07715711616196
2016-11-29T09:59:59Z,84.94797660023399,71.43558248466135
2016-11-29T10:59:59Z,83.60105700721235,68.7353478495419
2016-11-29T11:59:59Z,83.58048934157442,67.65094247870425
2016-11-29T12:59:59Z,85.8129607473473,70.57738631701221
2016-11-29T13:59:59Z,87.16635223405483,71.26732736095263
2016-11-29T14:59:59Z,86.35527187501795,69.88587386530837
2016-11-29T15:59:59Z,85.1923697410967,68.50453135926476
2016-11-29T16:59:59Z,85.55160176190243,68.69637319982706
2016-11-29T17:59:59Z,87.66037701835647,71.13824141443536
2016-11-29T18:59:59Z,88.04717577152114,70.96296972982381
2016-11-29T19:59:59Z,87.5298924097811,69.11505979534839
2016-11-29T20:59:59Z,86.28258097164765,67.11775351079375
2016-11-29T21:59:59Z,85.0321568865191,66.7398431238006
2016-11-29T22:59:59Z,84.90740766876078,65.7277429338297
2016-11-29T23:59:59Z,85.32459490635505,67.32617777648049
2016-11-30T00:59:59Z,85.2729581414929,67.8428610308494
2016-11-30T01:59:59Z,84.74874686486639,67.30455763841161
2016-11-30T02:59:59Z,85.53616982191875,67.76773532048463
2016-11-30T03:59:59Z,85.64696523276648,68.43979254436755
2016-11-30T04:59:59Z,77.15650033732284,61.38073718046928
2016-11-30T05:59:59Z,75.89002709008311,60.43645198502442
2016-11-30T06:59:59Z,83.45166685850631,68.69844435719097
2016-11-30T07:59:59Z,86.10909429056329,70.29082144485612
2016-11-30T08:59:59Z,85.254522108838,68.30975581029362
2016-11-30T09:59:59Z,85.02211705154797,68.54730441087875
2016-11-30T10:59:59Z,84.88699876945837,68.65536086747863
2016-11-30T11:59:59Z,84.77104755692048,68.03617509039677
2016-11-30T12:59:59Z,85.2154511304369,68.56246235612764
2016-11-30T13:59:59Z,78.00288601372235,62.511340958439
2016-11-30T14:59:59Z,84.50955690007105,68.40536196858615
2016-11-30T15:59:59Z,85.67930911549199,69.21759719449655
2016-11-30T16:59:59Z,85.91761103059405,69.86013367396521
2016-11-30T17:59:59Z,85.48485953175106,68.45608200768844
2016-11-30T18:59:59Z,85.1385598813589,68.90405626049893
2016-11-30T19:59:59Z,86.04608137469397,69.44835172290361
2016-11-30T20:59:59Z,86.57474214921011,69.27542380509476
2016-11-30T21:59:59Z,86.53272325960639,68.38625695104753
2016-11-30T22:59:59Z,86.08020119826284,67.93932514185286
2016-11-30T23:59:59Z,85.6846824919927,68.04959046645303
2016-12-01T00:59:59Z,86.5908650072596,70.21558469315971
2016-12-01T01:59:59Z,86.98907727133872,71.02051230400656
2016-12-01T02:59:59Z,86.63326972100687,69.48481053911127
2016-12-01T03:59:59Z,87.32535053998681,67.8392894977672
2016-12-01T04:59:59Z,87.45500740447916,69.44636526726457
2016-12-01T05:59:59Z,86.55786901866988,68.84703679199339
2016-12-01T06:59:59Z,86.93785691012339,70.05565094482795
2016-12-01T07:59:59Z,85.35181279429446,68.45889745617666
2016-12-01T08:59:59Z,85.48471670743862,67.73711231304232
2016-12-01T09:59:59Z,86.32604883451029,68.9040540909722
2016-12-01T10:59:59Z,86.91135194355688,69.77064670081727
2016-12-01T11:59:59Z,87.27784270484854,69.34551713310907
2016-12-01T12:59:59Z,87.09255866283134,69.58967049095878
2016-12-01T13:59:59Z,86.21678569172123,68.83522111995504
2016-12-01T14:59:59Z,86.35400309537278,68.7863138698618
2016-12-01T15:59:59Z,86.7088768100216,68.78278302206192
2016-12-01T16:59:59Z,87.03893005627879,69.18155137123237
2016-12-01T17:59:59Z,87.6805443816594,69.8196457941217
2016-12-01T18:59:59Z,87.71773207351863,69.40701112018004
2016-12-01T19:59:59Z,87.10010365311734,68.58804246883288
2016-12-01T20:59:59Z,86.41164748742706,67.48955850750022
2016-12-01T21:59:59Z,87.31359078989108,70.00444994302359
2016-12-01T22:59:59Z,87.41989589650552,70.06517347384246
2016-12-01T23:59:59Z,86.93461447443032,68.92749299394617
2016-12-02T00:59:59Z,86.42861020980355,68.5909338758201
2016-12-02T01:59:59Z,87.67805780241463,70.08834316764886
2016-12-02T02:59:59Z,87.48315918074518,68.65369630619784
2016-12-02T03:59:59Z,87.26628070959505,69.8145267516326
2016-12-02T04:59:59Z,86.53815085463918,67.9105055763359
2016-12-02T05:59:59Z,86.26685494176552,66.19020466981279
2016-12-02T06:59:59Z,86.68639512452428,68.1156929330367
2016-12-02T07:59:59Z,87.15244031803657,68.47808556620058
2016-12-02T08:59:59Z,87.33777305300605,68.82670215991652
2016-12-02T09:59:59Z,87.4955764755005,67.42571818562473
2016-12-02T10:59:59Z,87.47651962266214,68.88937629870844
2016-12-02T11:59:59Z,88.00958217460584,68.87247643078422
2016-12-02T12:59:59Z,88.39234859313451,69.83218093384707
2016-12-02T13:59:59Z,88.05633748095477,69.53854732129284
2016-12-02T14:59:59Z,87.60658472272688,68.28378161172867
2016-12-02T15:59:59Z,87.90577231116545,69.56488395603462
2016-12-02T16:59:59Z,88.10166720992787,69.561463406585
2016-12-02T17:59:59Z,88.43778667672939,69.5857222942111
2016-12-02T18:59:59Z,88.44532470912573,69.94675732452237
2016-12-02T19:59:59Z,87.758678132069,69.35551733037441
2016-12-02T20:59:59Z,87.73266448158893,69.26376468041973
2016-12-02T21:59:59Z,87.85037819503133,68.73059847323647
2016-12-02T22:59:59Z,87.80716777791241,68.68900776477989
2016-12-02T23:59:59Z,88.29659153973103,69.50689776906
2016-12-03T00:59:59Z,88.3327138491512,69.88975262875225
2016-12-03T01:59:59Z,88.43127936558494,70.51260763215991
2016-12-03T02:59:59Z,88.3135335034707,69.60908259575878
2016-12-03T03:59:59Z,88.24497316550139,69.44758621166307
2016-12-03T04:59:59Z,88.26305142966874,70.31454873948945
2016-12-03T05:59:59Z,88.47095067793157,70.29124810892407
2016-12-03T06:59:59Z,87.96608301223402,69.7404223216923
2016-12-03T07:59:59Z,88.04173536227124,67.88131530154254
2016-12-03T08:59:59Z,88.09834137137541,69.36356219770904
2016-12-03T09:59:59Z,88.30006331161393,70.12659386611985
2016-12-03T10:59:59Z,88.63592036209623,70.36197604441509
2016-12-03T11:59:59Z,88.70102359933817,70.53878909960522
2016-12-03T12:59:59Z,87.6927027216182,69.08899978644041
2016-12-03T13:59:59Z,87.71281797046521,69.02013495940332
2016-12-03T14:59:59Z,87.4292981879031,68.05495956914196
2016-12-03T15:59:59Z,87.95408854381138,68.82965603627973
2016-12-03T16:59:59Z,88.68392131313423,69.94791932683907
2016-12-03T17:59:59Z,88.34980531200729,69.16812721912568
2016-12-03T18:59:59Z,87.0141839225007,68.24853915911952
2016-12-03T19:59:59Z,86.58429169916519,67.44405532060485
2016-12-03T20:59:59Z,87.36125517045416,67.20266664682688
2016-12-03T21:59:59Z,87.6506353338166,68.47305278262814
2016-12-03T22:59:59Z,87.88107143235716,69.18800888521403
2016-12-03T23:59:59Z,87.14564081791993,68.36890496162663
2016-12-04T00:59:59Z,86.81434861555674,68.28745705717658
2016-12-04T01:59:59Z,86.87918993778887,68.85892213433044
2016-12-04T02:59:59Z,86.96320971535197,69.05860715481862
2016-12-04T03:59:59Z,86.87042793125146,69.2118149359957
2016-12-04T04:59:59Z,86.9230617293753,68.99076199358635
2016-12-04T05:59:59Z,86.65881657639507,68.8424383491035
2016-12-04T06:59:59Z,88.21643170123725,71.02269217932766
2016-12-04T07:59:59Z,87.9832906799647,71.4281492869723
2016-12-04T08:59:59Z,87.49929416283403,70.56624214096657
2016-12-04T09:59:59Z,87.66809204256383,70.45731400887661
2016-12-04T10:59:59Z,88.15179622583821,71.49914450947126
2016-12-04T11:59:59Z,87.7505243298845,70.28781386531057
2016-12-04T12:59:59Z,87.24049165686178,69.2636517572095
2016-12-04T13:59:59Z,88.23992422150798,70.91408728473203
2016-12-04T14:59:59Z,88.38494783070082,70.34085084997638
2016-12-04T15:59:59Z,88.08975430097468,69.7200327578324
2016-12-04T16:59:59Z,88.42877869691006,70.03842127164857
2016-12-04T17:59:59Z,87.62025611888403,68.65441779468873
2016-12-04T18:59:59Z,87.52435175406468,68.70813172903253
2016-12-04T19:59:59Z,87.45557042486463,68.95761889517573
2016-12-04T20:59:59Z,87.30011535729358,68.93012263387806
2016-12-04T21:59:59Z,87.04912215752849,68.27295160878775
2016-12-04T22:59:59Z,87.3887103026362,68.83246229589507
2016-12-04T23:59:59Z,87.86177330969178,69.790858242468
2016-12-05T00:59:59Z,87.88073924857345,68.56522583408517
2016-12-05T01:59:59Z,87.85676027906594,68.32793538261393
2016-12-05T02:59:59Z,87.93246163678607,70.29200633412971
2016-12-05T03:59:59Z,87.67122674358153,69.43893606814562
2016-12-05T04:59:59Z,87.24241852887724,68.44922263847462
2016-12-05T05:59:59Z,86.92025459153803,68.00196215935156
2016-12-05T06:59:59Z,86.52444398292499,67.80649230939741
2016-12-05T07:59:59Z,81.47669267510271,64.36535405208306
2016-12-05T08:59:59Z,85.67531185284936,67.81055890510237
2016-12-05T09:59:59Z,86.50849817547919,67.6909686862453
2016-12-05T10:59:59Z,86.27041096262963,67.4028763448902
2016-12-05T11:59:59Z,86.27052164166427,67.74182440746455
2016-12-05T12:59:59Z,86.25889326999872,65.2815818290396
2016-12-05T13:59:59Z,86.62295322738937,68.12706038541906
2016-12-05T14:59:59Z,86.49532600521498,66.42307075587206
2016-12-05T15:59:59Z,87.61379239731541,67.52431010652482
2016-12-05T16:59:59Z,87.4900668255047,68.04651830668371
2016-12-05T17:59:59Z,87.52211629420556,68.48430387895449
2016-12-05T18:59:59Z,86.83046777204409,68.32581679698599
2016-12-05T19:59:59Z,87.23679022684438,68.62131321976925
2016-12-05T20:59:59Z,81.77466904221421,63.74226573153992
2016-12-05T21:59:59Z,87.47826817392554,69.80927968639139
2016-12-05T22:59:59Z,87.7839368294605,69.71868538949964
2016-12-05T23:59:59Z,87.37038320380458,68.45599285741602
2016-12-06T00:59:59Z,86.9572766284944,67.84330125104816
2016-12-06T01:59:59Z,87.650533397711,68.60658155853804
2016-12-06T02:59:59Z,87.40153786671816,68.49556057971267
2016-12-06T03:59:59Z,87.31966313339517,66.03950127595154
2016-12-06T04:59:59Z,87.62717751979504,68.4297316780611
2016-12-06T05:59:59Z,87.57283463015601,68.57461507410011
2016-12-06T06:59:59Z,87.5275988234685,68.50721768855696
2016-12-06T07:59:59Z,87.86138320072148,68.7524844414103
2016-12-06T08:59:59Z,87.84301894355183,67.16012080661916
2016-12-06T09:59:59Z,87.8574994758297,67.87477208242525
2016-12-06T10:59:59Z,87.82539526938092,68.10140264162395
2016-12-06T11:59:59Z,87.83391785067083,68.52803750538766
2016-12-06T12:59:59Z,87.63096074873992,68.0951867619394
2016-12-06T13:59:59Z,87.03407216245802,67.37909548133112
2016-12-06T14:59:59Z,86.3313007529589,64.93856806270469
2016-12-06T15:59:59Z,87.97034007631107,67.9382031579169
2016-12-06T16:59:59Z,87.99696150301929,67.91246451450984
2016-12-06T17:59:59Z,88.32257404835666,68.61830470307171
2016-12-06T18:59:59Z,87.96521394741374,67.72614230847324
2016-12-06T19:59:59Z,87.58461542170706,67.59164360668449
2016-12-06T20:59:59Z,87.10809674520867,66.25712885286164
2016-12-06T21:59:59Z,87.85333708320775,67.51489013657334
2016-12-06T22:59:59Z,88.00923648573388,67.74975581776667
2016-12-06T23:59:59Z,87.43155403017742,67.68842917412083
2016-12-07T00:59:59Z,87.0729865647071,66.83791544660001
2016-12-07T01:59:59Z,87.7181377197898,68.06416707429543
2016-12-07T02:59:59Z,87.73873617398617,67.97751167238636
2016-12-07T03:59:59Z,87.28533160311963,67.62141752281771
2016-12-07T04:59:59Z,87.53725425615983,68.34801354856253
2016-12-07T05:59:59Z,87.35922522642993,67.90252930250202
2016-12-07T06:59:59Z,87.38033399556939,67.71161194496447
2016-12-07T07:59:59Z,87.04175310259262,68.33766667607074
2016-12-07T08:59:59Z,86.34292758244756,66.96680991151942
2016-12-07T09:59:59Z,85.77948123553351,66.062818851478
2016-12-07T10:59:59Z,86.13736356935226,66.39807229293876
2016-12-07T11:59:59Z,86.56177085428602,67.98069487640319
2016-12-07T12:59:59Z,87.21447362882269,69.29022488637862
2016-12-07T13:59:59Z,87.01922823995424,68.67512139503935
2016-12-07T14:59:59Z,87.16059450559415,69.02249780145863
2016-12-07T15:59:59Z,87.3404440728923,69.42871370448391
2016-12-07T16:59:59Z,86.8961884881612,68.57239681971434
2016-12-07T17:59:59Z,86.54152286880384,67.54722337132662
2016-12-07T18:59:59Z,87.23714981647429,68.04582660004955
2016-12-07T19:59:59Z,79.55650396324147,61.48468181061404
2016-12-07T20:59:59Z,86.84832162243856,69.1748579690187
2016-12-07T21:59:59Z,86.61233911922217,69.2130532237965
2016-12-07T22:59:59Z,86.90079947376029,69.09052491343688
2016-12-07T23:59:59Z,87.29439177112174,70.30004027090894
2016-12-08T00:59:59Z,87.50141795370355,69.81483418099754
2016-12-08T01:59:59Z,87.53069839971279,70.23017316742798
2016-12-08T02:59:59Z,87.66472925657307,69.20597885416385
2016-12-08T03:59:59Z,87.6359689548181,69.9416636305229
2016-12-08T04:59:59Z,87.95241506189124,69.83008958486832
2016-12-08T05:59:59Z,87.56185094673215,69.3062543330169
2016-12-08T06:59:59Z,87.9692581170737,70.08241138049341
2016-12-08T07:59:59Z,87.83471981801965,68.65512192440967
2016-12-08T08:59:59Z,88.01134719635972,69.53605622485993
2016-12-08T09:59:59Z,87.90202247807314,69.51156289084783
2016-12-08T10:59:59Z,88.12842977980308,69.83525583087498
2016-12-08T11:59:59Z,87.63104087311977,69.5437639822371
2016-12-08T12:59:59Z,87.8876980725441,70.11692712943506
2016-12-08T13:59:59Z,88.12139170922995,69.25282582055704
2016-12-08T14:59:59Z,88.29875385648761,69.5810254486454
2016-12-08T15:59:59Z,87.74056881062945,69.41651335019338
2016-12-08T16:59:59Z,87.15706383002457,68.20973706372727
2016-12-08T17:59:59Z,87.09620510834914,68.16968472568526
2016-12-08T18:59:59Z,87.81671346214675,69.56230670187372
2016-12-08T19:59:59Z,82.23152249017635,63.78918026023203
2016-12-08T20:59:59Z,87.2761615702582,69.87210000831
2016-12-08T21:59:59Z,87.61812499166507,70.17159556153074
2016-12-08T22:59:59Z,87.82472091601107,70.78846585314608
2016-12-08T23:59:59Z,87.6897004276949,70.20120510117812
2016-12-09T00:59:59Z,88.06677022333997,69.83801886002901
2016-12-09T01:59:59Z,86.23236811030044,66.65885589218682
2016-12-09T02:59:59Z,86.5751432149159,67.15670098172001
2016-12-09T03:59:59Z,86.93972026285219,68.47030624428083
2016-12-09T04:59:59Z,87.77716253789488,69.37356762821229
2016-12-09T05:59:59Z,87.47518022527004,69.43176850080026
2016-12-09T06:59:59Z,87.848034055982,69.87103420922978
2016-12-09T07:59:59Z,87.64996920420167,69.6155546745219
2016-12-09T08:59:59Z,88.1691624114709,70.2765726471637
2016-12-09T09:59:59Z,88.09277033115721,69.6078378376197
2016-12-09T10:59:59Z,87.93101528203529,68.3263480530864
2016-12-09T11:59:59Z,87.59147098542674,69.0030150339814
2016-12-09T12:59:59Z,87.87869018931895,69.176550417935
2016-12-09T13:59:59Z,87.88237584961446,68.63163141879335
2016-12-09T14:59:59Z,87.88225800336681,65.7739335167982
2016-12-09T15:59:59Z,87.90818491941117,68.04917133709723
2016-12-09T16:59:59Z,88.11563277645503,68.5385333977981
2016-12-09T17:59:59Z,87.51318204333417,68.87048135821391
2016-12-09T18:59:59Z,87.64394929503351,68.53893005691383
2016-12-09T19:59:59Z,87.27123234848294,68.42278456873592
2016-12-09T20:59:59Z,86.84964727237683,67.27543879026116
2016-12-09T21:59:59Z,86.62647922051565,68.20275311908422
2016-12-09T22:59:59Z,86.91223048629172,67.39218756865925
2016-12-09T23:59:59Z,86.04879714244356,67.51661682836317
2016-12-10T00:59:59Z,86.49453064428592,68.29253931096855
2016-12-10T01:59:59Z,86.50943663228087,69.84898020759817
2016-12-10T02:59:59Z,86.21647543255244,68.95807505206237
2016-12-10T03:59:59Z,85.93025898800086,68.44745386677941
2016-12-10T04:59:59Z,86.47164965022614,68.95310256618924
2016-12-10T05:59:59Z,86.48476415550375,68.89710314510903
2016-12-10T06:59:59Z,86.7160661215725,68.76305204476618
2016-12-10T07:59:59Z,86.19393277913754,68.2652216294881
2016-12-10T08:59:59Z,85.95673978885218,67.94405120601468
2016-12-10T09:59:59Z,85.72470935238493,67.80299015868152
2016-12-10T10:59:59Z,86.08447947700365,68.43012872074004
2016-12-10T11:59:59Z,86.17942449423902,68.60948058638435
2016-12-10T12:59:59Z,86.37233302341666,68.81029769006193
2016-12-10T13:59:59Z,85.80819801645093,69.01124969195345
2016-12-10T14:59:59Z,85.97667745226384,68.61635486673974
2016-12-10T15:59:59Z,86.11682717712881,68.84823642226335
2016-12-10T16:59:59Z,86.86064981880129,68.73976819685593
2016-12-10T17:59:59Z,86.68794969813105,66.22171833333053
2016-12-10T18:59:59Z,86.70269259854688,68.01745229506591
2016-12-10T19:59:59Z,87.24466491230426,69.7043804825163
2016-12-10T20:59:59Z,86.94244390199947,68.1917055467389
2016-12-10T21:59:59Z,85.9333696294605,66.97279031307696
2016-12-10T22:59:59Z,86.51861559167783,68.27429351753713
2016-12-10T23:59:59Z,86.8046822270145,68.15263630243936
2016-12-11T00:59:59Z,81.30070538546597,63.20293985582821
2016-12-11T01:59:59Z,86.79587944610239,69.54555868699246
2016-12-11T02:59:59Z,86.33824125609611,69.04060707553256
2016-12-11T03:59:59Z,86.0769226172742,69.04649867728942
2016-12-11T04:59:59Z,86.22573582388634,68.85475359038428
2016-12-11T05:59:59Z,85.58938729895173,68.97663639412127
2016-12-11T06:59:59Z,85.96804343597034,69.68569084913925
2016-12-11T07:59:59Z,86.00513667933437,69.105882408338
2016-12-11T08:59:59Z,82.49680641813455,64.44255506507555
2016-12-11T09:59:59Z,86.69334946081854,69.97698634743499
2016-12-11T10:59:59Z,87.32661483583388,70.18408958687637
2016-12-11T11:59:59Z,87.03952607102366,69.34169900213625
2016-12-11T12:59:59Z,86.6942822357209,66.49365129565871
2016-12-11T13:59:59Z,86.48803035655703,65.24135804466121
2016-12-11T14:59:59Z,87.21685321979582,66.95200049708289
2016-12-11T15:59:59Z,86.91514237385623,67.7212977120681
2016-12-11T16:59:59Z,85.89818285994681,66.91541919432535
2016-12-11T17:59:59Z,87.43779314952606,67.98746071882503
2016-12-11T18:59:59Z,86.2916696463118,65.99971411572653
2016-12-11T19:59:59Z,86.79273062503152,65.9165536908449
2016-12-11T20:59:59Z,86.6705512162683,66.98990099650315
2016-12-11T21:59:59Z,87.66603210730136,67.87045899418129
2016-12-11T22:59:59Z,86.12719127036326,67.28452283325902
2016-12-11T23:59:59Z,85.26329087077589,66.76158737309842
2016-12-12T00:59:59Z,87.26155218353794,69.39997291624427
2016-12-12T01:59:59Z,87.22483978900141,68.27301583302354
2016-12-12T02:59:59Z,87.82619867997865,69.41114993959634
2016-12-12T03:59:59Z,87.35205785809642,68.01031390031979
2016-12-12T04:59:59Z,87.85160814877922,68.33069508836078
2016-12-12T05:59:59Z,86.8901207728148,67.99457011619705
2016-12-12T06:59:59Z,86.65207217132682,68.56010438979763
2016-12-12T07:59:59Z,86.88149644677287,67.89749624378479
2016-12-12T08:59:59Z,86.79773191977262,67.93303452766705
2016-12-12T09:59:59Z,86.86026198660325,67.87800727383758
2016-12-12T10:59:59Z,86.25796869877941,68.55289613931052
2016-12-12T11:59:59Z,86.51241314361899,69.17988651841065
2016-12-12T12:59:59Z,85.90632782731859,66.79416787643255
2016-12-12T13:59:59Z,83.23312956666275,62.485731352598755
2016-12-12T14:59:59Z,86.17768670871067,65.62641588942056
2016-12-12T15:59:59Z,86.24073366808254,66.41522949069723
2016-12-12T16:59:59Z,85.73203274829443,63.96103968937686
2016-12-12T17:59:59Z,85.50518488457543,63.80942104476723
2016-12-12T18:59:59Z,85.35393467922984,64.32927439490187
2016-12-12T19:59:59Z,86.36720838888196,64.86854866963908
2016-12-12T20:59:59Z,85.56649383035699,62.821544150147524
2016-12-12T21:59:59Z,85.13781159616097,63.71099416737944
2016-12-12T22:59:59Z,81.31949759361417,61.5453741836245
2016-12-12T23:59:59Z,85.19889130450746,66.26838856957731
2016-12-13T00:59:59Z,86.62602119413896,66.9461096700195
2016-12-13T01:59:59Z,86.08081853290639,66.77864257643469
2016-12-13T02:59:59Z,86.0286782077618,67.07658151024137
2016-12-13T03:59:59Z,85.97715794351579,67.6862487127065
2016-12-13T04:59:59Z,86.05766732130978,67.23652885044415
2016-12-13T05:59:59Z,87.11111936517284,68.341337798097
2016-12-13T06:59:59Z,86.8775505865944,67.51991587796343
2016-12-13T07:59:59Z,85.35280517074955,67.25872587004363
2016-12-13T08:59:59Z,84.0985519784607,66.2736049451333
2016-12-13T09:59:59Z,85.00341167657696,69.50266208828741
2016-12-13T10:59:59Z,85.9508879628072,70.64106638497263
2016-12-13T11:59:59Z,86.66778894909713,69.90366687137647
2016-12-13T12:59:59Z,79.67368417668973,64.91432033984326
2016-12-13T13:59:59Z,86.47074956476928,72.46089128905186
2016-12-13T14:59:59Z,86.60196662468347,71.4552959618627
2016-12-13T15:59:59Z,87.5595343803446,71.80369439254693
2016-12-13T16:59:59Z,86.13753370727962,68.78158629162134
2016-12-13T17:59:59Z,85.56665078276701,69.82358575936655
2016-12-13T18:59:59Z,87.18933845607086,72.48907651274573
2016-12-13T19:59:59Z,87.52067607532369,72.35227055638622
2016-12-13T20:59:59Z,86.72548457626478,71.15865682952422
2016-12-13T21:59:59Z,87.8476690042608,71.6957117401794
2016-12-13T22:59:59Z,86.88432522631557,71.66984737943112
2016-12-13T23:59:59Z,87.51905997843069,72.4280353180884
2016-12-14T00:59:59Z,87.74037314851192,73.36760718402564
2016-12-14T01:59:59Z,87.50501021877069,72.89659887027285
2016-12-14T02:59:59Z,87.20627345388141,72.55550441502544
2016-12-14T03:59:59Z,87.4573014544733,72.32915999524597
2016-12-14T04:59:59Z,87.35997620105326,71.95295308171818
2016-12-14T05:59:59Z,88.24431642252857,72.8885275866247
2016-12-14T06:59:59Z,88.4275544003682,72.9345906067267
2016-12-14T07:59:59Z,88.57942462498097,72.76020333167784
2016-12-14T08:59:59Z,85.10928270934319,69.47544644410206
2016-12-14T09:59:59Z,87.48723001749335,73.34318441259498
2016-12-14T10:59:59Z,87.27818966769631,72.269075581099
2016-12-14T11:59:59Z,87.42959219294642,71.51355467041525
2016-12-14T12:59:59Z,88.14038284791764,73.42501885331255
2016-12-14T13:59:59Z,88.82568435266025,73.75991837270925
2016-12-14T14:59:59Z,88.31993137956097,72.68699943820332
2016-12-14T15:59:59Z,89.16334818838659,72.45663695955908
2016-12-14T16:59:59Z,86.89728477728501,70.35295268052496
2016-12-14T17:59:59Z,87.52920059303932,72.13232166786965
2016-12-14T18:59:59Z,87.08459132928003,71.14782778502449
2016-12-14T19:59:59Z,88.24733538868854,72.69041168220978
2016-12-14T20:59:59Z,88.51315957351903,72.05542017729863
2016-12-14T21:59:59Z,88.44323234283348,70.61520746963976
2016-12-14T22:59:59Z,87.80550744916657,70.93013413795623
2016-12-14T23:59:59Z,87.1753814508519,71.9375294206806
2016-12-15T00:59:59Z,86.54172725968574,72.62166228300732
2016-12-15T01:59:59Z,86.67264778531582,72.12488296308446
2016-12-15T02:59:59Z,87.16067760860805,71.71377948821038
2016-12-15T03:59:59Z,87.18849789768485,71.49018587149746
2016-12-15T04:59:59Z,87.31394102706709,71.44111758359215
2016-12-15T05:59:59Z,87.41576733839652,71.82462025190922
2016-12-15T06:59:59Z,87.30260158157562,71.73099144510509
2016-12-15T07:59:59Z,87.47842552234322,71.03738110369905
2016-12-15T08:59:59Z,87.47166938322637,70.6777861810741
2016-12-15T09:59:59Z,87.67544141881892,70.47496339154897
2016-12-15T10:59:59Z,87.08098538849059,69.76778979798812
2016-12-15T11:59:59Z,86.84133645691996,67.09280050263892
2016-12-15T12:59:59Z,86.2434652625409,67.05900235943415
2016-12-15T13:59:59Z,86.4558667561209,68.88161616596855
2016-12-15T14:59:59Z,88.10742218976122,69.25429525430197
2016-12-15T15:59:59Z,86.96740098341466,67.99917451807457
2016-12-15T16:59:59Z,86.18063276689524,68.34545092249189
2016-12-15T17:59:59Z,86.53007526172205,70.1759835187746
2016-12-15T18:59:59Z,87.8037926801613,71.23192118989998
2016-12-15T19:59:59Z,88.30206549600213,70.7871784229076
2016-12-15T20:59:59Z,87.21477213733674,70.35413326905756
2016-12-15T21:59:59Z,86.67390217032278,70.23216795980862
2016-12-15T22:59:59Z,87.26558020432098,70.31073372065413
2016-12-15T23:59:59Z,86.34770183337939,68.72453547380316
2016-12-16T00:59:59Z,87.08339248380236,69.62188505536636
2016-12-16T01:59:59Z,87.33489808842846,69.48342651161654
2016-12-16T02:59:59Z,87.61124731187583,69.86364075359289
2016-12-16T03:59:59Z,87.66333585312839,70.362795136538
2016-12-16T04:59:59Z,88.52019934028858,71.34862889260872
2016-12-16T05:59:59Z,88.43783165943832,70.78377896724587
2016-12-16T06:59:59Z,88.29968276734219,70.42249471223948
2016-12-16T07:59:59Z,86.92588315598839,68.56327244796714
2016-12-16T08:59:59Z,87.31308834700354,69.02333747643587
2016-12-16T09:59:59Z,87.72219410345394,69.7904826897416
2016-12-16T10:59:59Z,87.74277485916853,70.94262430070684
2016-12-16T11:59:59Z,87.47643468826742,70.59257289325632
2016-12-16T12:59:59Z,86.6926299905802,69.38808337137245
2016-12-16T13:59:59Z,86.12848876004675,69.02014870778117
2016-12-16T14:59:59Z,86.0987429823248,69.07894940706923
2016-12-16T15:59:59Z,86.4705275109355,67.9401535781973
2016-12-16T16:59:59Z,86.39581632150241,66.35741524158072
2016-12-16T17:59:59Z,86.11787987906014,67.04397868863938
2016-12-16T18:59:59Z,84.86459031670188,66.64760429994362
2016-12-16T19:59:59Z,83.46415876888963,66.45191125692486
2016-12-16T20:59:59Z,83.15670999118508,65.74864587740598
2016-12-16T21:59:59Z,82.58275523884579,63.074188700824415
2016-12-16T22:59:59Z,82.18137168324444,63.35278825568841
2016-12-16T23:59:59Z,83.93459942019727,66.78835351132079
2016-12-17T00:59:59Z,86.60601523482514,68.79021006296225
2016-12-17T01:59:59Z,85.6062362332325,67.2613743843572
2016-12-17T02:59:59Z,84.89645414284742,67.24733958286687
2016-12-17T03:59:59Z,86.16404471631041,67.20959186280732
2016-12-17T04:59:59Z,86.41713429611082,67.2315135272683
2016-12-17T05:59:59Z,87.01488855600338,67.94872096477532
2016-12-17T06:59:59Z,86.60498353895748,67.35773807402008
2016-12-17T07:59:59Z,86.40463556116038,65.87772820755823
2016-12-17T08:59:59Z,85.46672384943561,68.20317735675033
2016-12-17T09:59:59Z,84.9677836253115,67.90924767628638
2016-12-17T10:59:59Z,84.69954732492525,65.6073313088167
2016-12-17T11:59:59Z,86.44468759510858,66.04912563487456
2016-12-17T12:59:59Z,86.97689822299928,66.30909153841839
2016-12-17T13:59:59Z,87.58844295067524,64.96117358042008
2016-12-17T14:59:59Z,87.26668980277451,67.06715972382189
2016-12-17T15:59:59Z,87.49530643376359,67.38204478152491
2016-12-17T16:59:59Z,87.35098980256907,66.93609249860272
2016-12-17T17:59:59Z,87.61123802648613,68.96884834990993
2016-12-17T18:59:59Z,85.45027536554306,67.09015222638314
2016-12-17T19:59:59Z,85.0509696679116,66.10201909847902
2016-12-17T20:59:59Z,86.40675184605148,69.07699937401419
2016-12-17T21:59:59Z,87.49564520098238,70.38404191756561
2016-12-17T22:59:59Z,88.45964628704088,70.80798526894097
2016-12-17T23:59:59Z,87.91419964327692,69.08170079923237
2016-12-18T00:59:59Z,87.63853498426248,68.74380145040017
2016-12-18T01:59:59Z,87.82910450025445,69.57029987005666
2016-12-18T02:59:59Z,87.54760931403023,68.50155006338645
2016-12-18T03:59:59Z,87.68185365054524,66.10890194517225
2016-12-18T04:59:59Z,88.52540302711334,68.84593153646853
2016-12-18T05:59:59Z,87.68188100323495,67.70613406157264
2016-12-18T06:59:59Z,87.61239976546229,68.61632050790061
2016-12-18T07:59:59Z,86.40877124708793,66.22133133898663
2016-12-18T08:59:59Z,86.7153768241762,66.48992474558912
2016-12-18T09:59:59Z,85.92099894453402,64.38722852414983
2016-12-18T10:59:59Z,85.62866599950594,63.87777690549607
2016-12-18T11:59:59Z,85.62972974912384,64.28026460631571
2016-12-18T12:59:59Z,86.1138577520782,65.42218581571393
2016-12-18T13:59:59Z,86.40954583617423,64.82118616746672
2016-12-18T14:59:59Z,86.42256679099718,65.31568343092391
2016-12-18T15:59:59Z,86.05311526892517,65.5559590602762
2016-12-18T16:59:59Z,85.91423340958083,67.08122619779283
2016-12-18T17:59:59Z,85.37098174405757,65.91752788352781
2016-12-18T18:59:59Z,85.98661757939534,68.45958918028698
2016-12-18T19:59:59Z,86.26262030111688,68.8646076885048
2016-12-18T20:59:59Z,85.03849162952429,67.74491175111976
2016-12-18T21:59:59Z,84.53881359927747,68.30466052287753
2016-12-18T22:59:59Z,84.34594481829214,67.60847763704525
2016-12-18T23:59:59Z,83.92998517805519,65.16357983685782
2016-12-19T00:59:59Z,82.63544917961818,64.33109196720503
2016-12-19T01:59:59Z,81.99601328634157,64.27949516103371
2016-12-19T02:59:59Z,83.47074589300645,66.85878880255603
2016-12-19T03:59:59Z,85.27859875746614,69.72254045494505
2016-12-19T04:59:59Z,86.9344430889084,71.12172374093063
2016-12-19T05:59:59Z,87.76169077135891,71.57056602202599
2016-12-19T06:59:59Z,87.77158500934131,69.54670263419808
2016-12-19T07:59:59Z,86.70962433387562,68.06615626048105
2016-12-19T08:59:59Z,85.27103866214507,67.65680037641643
2016-12-19T09:59:59Z,85.78036349797615,67.77627913527863
2016-12-19T10:59:59Z,86.30665327861765,68.12879817639376
2016-12-19T11:59:59Z,86.12354828227717,67.91969914574386
2016-12-19T12:59:59Z,86.71899900488306,68.17392596501901
2016-12-19T13:59:59Z,86.60421583057291,67.55437491414317
2016-12-19T14:59:59Z,86.02678028339407,64.99418094262232
2016-12-19T15:59:59Z,84.65776512750178,65.81343338913804
2016-12-19T16:59:59Z,86.65663027227122,67.18410011422287
2016-12-19T17:59:59Z,86.90765119940797,68.82849477327278
2016-12-19T18:59:59Z,86.95570723783123,68.74833340907782
2016-12-19T19:59:59Z,86.15528372290038,67.5457212791966
2016-12-19T20:59:59Z,85.16105998411405,66.47835754938508
2016-12-19T21:59:59Z,85.55935803744985,66.74196941789421
2016-12-19T22:59:59Z,86.3973656937248,68.22972811105598
2016-12-19T23:59:59Z,88.1324829102969,71.21776149327745
2016-12-20T00:59:59Z,88.03412596014151,69.73399235833116
2016-12-20T01:59:59Z,86.4483065506659,66.73626502024744
2016-12-20T02:59:59Z,85.61195752089895,65.93614547356887
2016-12-20T03:59:59Z,85.79746296991213,67.3285082929478
2016-12-20T04:59:59Z,86.0853315635617,67.13267132294972
2016-12-20T05:59:59Z,86.79631424241025,66.30381179519901
2016-12-20T06:59:59Z,87.80962907026769,68.22118380972769
2016-12-20T07:59:59Z,87.76677350909858,68.42973323372631
2016-12-20T08:59:59Z,87.26097992044129,67.47622749774904
2016-12-20T09:59:59Z,87.15545640725311,67.61212024461604
2016-12-20T10:59:59Z,86.86808248007533,67.68268962162581
2016-12-20T11:59:59Z,87.0194481695162,68.3560106531607
2016-12-20T12:59:59Z,86.51326228054582,68.2175479531361
2016-12-20T13:59:59Z,86.50176294102538,66.79062169349258
2016-12-20T14:59:59Z,87.2511251496,67.22387658193686
2016-12-20T15:59:59Z,87.06806946149,67.07633004056358
2016-12-20T16:59:59Z,86.63030909625822,65.53197023285536
2016-12-20T17:59:59Z,86.15868433149267,65.42840503555644
2016-12-20T18:59:59Z,85.84439259513142,66.00524900870975
2016-12-20T19:59:59Z,85.54644174729587,66.26518788796928
2016-12-20T20:59:59Z,85.33516203594638,66.21752274711645
2016-12-20T21:59:59Z,85.5976885929494,67.47705561707954
2016-12-20T22:59:59Z,86.60927147249306,68.61119389568171
2016-12-20T23:59:59Z,86.43753961777786,68.8177944527684
2016-12-21T00:59:59Z,85.7689276610286,67.61849569100792
2016-12-21T01:59:59Z,84.45419341866146,67.5796261735116
2016-12-21T02:59:59Z,85.24576650469243,66.50651107785565
2016-12-21T03:59:59Z,84.63184909225986,66.66669091195457
2016-12-21T04:59:59Z,84.86759888351482,67.26096618649909
2016-12-21T05:59:59Z,84.76891154451042,68.39273639204549
2016-12-21T06:59:59Z,84.94449181639077,68.57317086276248
2016-12-21T07:59:59Z,84.69252841965447,68.988689889949
2016-12-21T08:59:59Z,84.80436474177962,69.14312385836833
2016-12-21T09:59:59Z,84.27697186637617,67.87780781513185
2016-12-21T10:59:59Z,85.07679796787048,69.57121301911175
2016-12-21T11:59:59Z,85.51969746933203,71.60912519233776
2016-12-21T12:59:59Z,85.38934318683077,70.71324296069899
2016-12-21T13:59:59Z,85.54359933116712,70.42055677213882
2016-12-21T14:59:59Z,85.22772999148495,70.07246136020979
2016-12-21T15:59:59Z,85.492213156544,68.58313446593398
2016-12-21T16:59:59Z,84.48947572240554,67.93414582627128
2016-12-21T17:59:59Z,84.13227434768764,67.40527195692614
2016-12-21T18:59:59Z,85.7718623403523,70.216678542302
2016-12-21T19:59:59Z,86.74566096831252,71.6089632915367
2016-12-21T20:59:59Z,87.56934411626183,71.80299571542726
2016-12-21T21:59:59Z,87.4124361539035,70.73829043600477
2016-12-21T22:59:59Z,88.0067407909588,72.23615416856299
2016-12-21T23:59:59Z,88.47814247605429,72.180752285826
2016-12-22T00:59:59Z,88.24648223017725,70.79995663975976
2016-12-22T01:59:59Z,87.11248437889533,68.68008436900062
2016-12-22T02:59:59Z,85.20173137821423,65.23664639556958
2016-12-22T03:59:59Z,84.99181498252734,67.33034399360216
2016-12-22T04:59:59Z,86.20158420029752,67.22775368274495
2016-12-22T05:59:59Z,87.04968078598027,69.58409948393076
2016-12-22T06:59:59Z,87.1647026476116,68.81204334367615
2016-12-22T07:59:59Z,87.51093257144834,69.19852936651974
2016-12-22T08:59:59Z,86.79556823704645,68.28883835609679
2016-12-22T09:59:59Z,87.03079644970306,67.80281466733777
2016-12-22T10:59:59Z,84.19726250801513,63.399202016949985
2016-12-22T11:59:59Z,77.85190558109382,56.11471939094797
2016-12-22T12:59:59Z,78.39543361301867,54.48699063182907
2016-12-22T13:59:59Z,79.72154168021187,57.04589202422502
2016-12-22T14:59:59Z,84.19399179688752,59.99517465619556
2016-12-22T15:59:59Z,84.87321348517345,63.34532277946471
2016-12-22T16:59:59Z,85.71160617238075,64.54638548087637
2016-12-22T17:59:59Z,86.08522513726528,65.262648165933
2016-12-22T18:59:59Z,85.40392706917505,65.80006047498621
2016-12-22T19:59:59Z,84.74872731781034,64.88530302466091
2016-12-22T20:59:59Z,84.94602518315641,65.10744342912977
2016-12-22T21:59:59Z,84.53571068017261,64.9977585911588
2016-12-22T22:59:59Z,85.10713759133337,65.74158513130915
2016-12-22T23:59:59Z,84.83279899006389,65.24836691606671
2016-12-23T00:59:59Z,85.05613223726017,64.62645080453993
2016-12-23T01:59:59Z,85.13308891983526,64.32309410227764
2016-12-23T02:59:59Z,84.89861506291497,64.26962194472878
2016-12-23T03:59:59Z,85.02546488713044,65.00439241069256
2016-12-23T04:59:59Z,84.54075474790692,64.7567296201267
2016-12-23T05:59:59Z,84.8266711803766,64.9626712891832
2016-12-23T06:59:59Z,84.91908064852912,65.22344451504019
2016-12-23T07:59:59Z,86.15996904238277,67.06091589908023
2016-12-23T08:59:59Z,86.21565528467937,66.75718143600844
2016-12-23T09:59:59Z,86.47431519400435,66.33591751601574
2016-12-23T10:59:59Z,86.40101568586243,65.0681805723491
2016-12-23T11:59:59Z,86.52640938712018,64.89653190824068
2016-12-23T12:59:59Z,86.14573487474065,65.0506034820201
2016-12-23T13:59:59Z,86.63110438142138,65.1767337847935
2016-12-23T14:59:59Z,86.69775147009882,64.46931447287072
2016-12-23T15:59:59Z,85.93475320485203,62.94439453650437
2016-12-23T16:59:59Z,85.58259105106498,63.07510837842145
2016-12-23T17:59:59Z,86.32708957795232,64.24159953844492
2016-12-23T18:59:59Z,86.13865254114516,64.2350404599964
2016-12-23T19:59:59Z,86.35507770137114,65.29256242988315
2016-12-23T20:59:59Z,85.7212167529164,63.71179953435655
2016-12-23T21:59:59Z,85.19735993302577,62.93044452908733
2016-12-23T22:59:59Z,85.23922472533171,63.7150452213323
2016-12-23T23:59:59Z,85.49341427960424,64.64947544316696
2016-12-24T00:59:59Z,85.71325988673617,65.37828847956784
2016-12-24T01:59:59Z,84.38453888814473,64.17305914653234
2016-12-24T02:59:59Z,84.85307834997066,65.02074642437026
2016-12-24T03:59:59Z,84.17289886589701,63.90460185793548
2016-12-24T04:59:59Z,84.94809912129311,65.36772254194227
2016-12-24T05:59:59Z,85.06247361210416,66.01232959432143
2016-12-24T06:59:59Z,83.704049693807,64.64478262870801
2016-12-24T07:59:59Z,84.8666920436675,67.0393833542809
2016-12-24T08:59:59Z,85.92311627780386,70.04766707374662
2016-12-24T09:59:59Z,86.31512259688556,70.96939562993076
2016-12-24T10:59:59Z,85.38492409160217,69.41470421849664
2016-12-24T11:59:59Z,85.14942465686717,69.25710321746705
2016-12-24T12:59:59Z,86.17355217434057,70.59105399087888
2016-12-24T13:59:59Z,86.06990707632542,71.71593722715053
2016-12-24T14:59:59Z,85.77452032991145,72.00933150193895
2016-12-24T15:59:59Z,85.92549361262566,71.60916292404136
2016-12-24T16:59:59Z,85.92626168687828,71.92646262360034
2016-12-24T17:59:59Z,84.72435035463737,70.19221661326112
2016-12-24T18:59:59Z,85.10750699741004,70.12922847658191
2016-12-24T19:59:59Z,85.70679519674168,70.66709404764293
2016-12-24T20:59:59Z,85.96258244449452,71.68652371832692
2016-12-24T21:59:59Z,85.73268235057049,72.00651116921358
2016-12-24T22:59:59Z,86.23189132991763,72.30017545450409
2016-12-24T23:59:59Z,86.04957239920539,72.49876692611109
2016-12-25T00:59:59Z,86.3243169270321,72.72384639932343
2016-12-25T01:59:59Z,86.10221779121535,71.44154620851815
2016-12-25T02:59:59Z,85.54392115488106,71.4105291415405
2016-12-25T03:59:59Z,85.8834125199866,72.62564813876787
2016-12-25T04:59:59Z,86.03156328672162,73.19104510583679
2016-12-25T05:59:59Z,86.34355962543073,73.88364927116311
2016-12-25T06:59:59Z,86.31419818974666,73.24632817779855
2016-12-25T07:59:59Z,86.8929628753612,73.93316973021086
2016-12-25T08:59:59Z,86.37610164468992,72.79732302333377
2016-12-25T09:59:59Z,86.18369249698378,72.9183097575297
2016-12-25T10:59:59Z,86.64353395858082,72.32647044537836
2016-12-25T11:59:59Z,86.87032842639957,72.97156014011064
2016-12-25T12:59:59Z,86.40865724769291,72.79451929195847
2016-12-25T13:59:59Z,86.46597782417405,73.19523057587458
2016-12-25T14:59:59Z,86.41893989905061,73.3569405878392
2016-12-25T15:59:59Z,86.47670200178824,73.46695130342574
2016-12-25T16:59:59Z,86.43616767246256,72.95670843960329
2016-12-25T17:59:59Z,86.65250518887346,72.80281099853897
2016-12-25T18:59:59Z,86.58007310794044,72.77053817743138
2016-12-25T19:59:59Z,86.65736804311543,72.72609636701478
2016-12-25T20:59:59Z,86.63837220334244,72.84659173798491
2016-12-25T21:59:59Z,86.93766388126346,72.92235726695017
2016-12-25T22:59:59Z,86.96595974316047,72.85217311877497
2016-12-25T23:59:59Z,86.9912080296509,72.8399084630636
2016-12-26T00:59:59Z,86.64615087630432,72.63243622178497
2016-12-26T01:59:59Z,86.64657596127743,72.68310226836292
2016-12-26T02:59:59Z,86.82430974904635,72.52662622882798
2016-12-26T03:59:59Z,86.95719097212005,72.65622609787208
2016-12-26T04:59:59Z,87.22589012916387,72.64429975976614
2016-12-26T05:59:59Z,87.26236198012434,72.62064196783537
2016-12-26T06:59:59Z,87.12928004848544,72.44851172784358
2016-12-26T07:59:59Z,87.22359511564737,73.73583771340981
2016-12-26T08:59:59Z,87.22985202884881,72.56263515528963
2016-12-26T09:59:59Z,87.27818511324449,71.64403196877613
2016-12-26T10:59:59Z,87.35236679387474,72.48274212864885
2016-12-26T11:59:59Z,87.42615029326667,73.02002354120593
2016-12-26T12:59:59Z,87.06300296092627,73.17335727374237
2016-12-26T13:59:59Z,87.59441206367603,73.84512268027544
2016-12-26T14:59:59Z,86.71160663050063,70.6275361037471
2016-12-26T15:59:59Z,85.87391425271626,70.13861145165008
2016-12-26T16:59:59Z,86.23041487872472,70.95567887075167
2016-12-26T17:59:59Z,86.66904284532961,72.7810737657336
2016-12-26T18:59:59Z,87.23496676522893,72.9479118690278
2016-12-26T19:59:59Z,87.68861895093193,73.60408643719764
2016-12-26T20:59:59Z,87.54114670074729,73.00096529919026
2016-12-26T21:59:59Z,87.4283245521588,73.8854804757441
2016-12-26T22:59:59Z,87.25801458534836,72.99465220388916
2016-12-26T23:59:59Z,86.04098590394074,68.595665056892
2016-12-27T00:59:59Z,86.51795680100382,69.12289098176464
2016-12-27T01:59:59Z,87.51708544161772,71.79803383610589
2016-12-27T02:59:59Z,87.62036775902841,73.52655845145001
2016-12-27T03:59:59Z,87.83606748375435,73.27009863464394
2016-12-27T04:59:59Z,87.85750498324505,73.05999553326502
2016-12-27T05:59:59Z,87.92249295835961,72.5232409589844
2016-12-27T06:59:59Z,87.94390355415804,72.43845023980774
2016-12-27T07:59:59Z,88.02258501303686,73.21042040325946
2016-12-27T08:59:59Z,88.2029806737856,73.44466152687897
2016-12-27T09:59:59Z,88.30719479276115,72.51551099440402
2016-12-27T10:59:59Z,88.26052327170184,72.86215065966843
2016-12-27T11:59:59Z,88.03203873355444,72.99471653636459
2016-12-27T12:59:59Z,87.20836891584896,71.27989897941394
2016-12-27T13:59:59Z,87.9037816368093,72.17493336586679
2016-12-27T14:59:59Z,86.4578970329044,69.58018815849653
2016-12-27T15:59:59Z,86.13536240458978,71.1627304594065
2016-12-27T16:59:59Z,85.70294749937472,70.69983425884301
2016-12-27T17:59:59Z,86.89936098490726,73.38642112149583
2016-12-27T18:59:59Z,86.24851538396463,73.24193116206999
2016-12-27T19:59:59Z,84.80977529548794,68.92622526650034
2016-12-27T20:59:59Z,84.79071718183519,68.66467237623038
2016-12-27T21:59:59Z,85.28932974175073,68.74692525015294
2016-12-27T22:59:59Z,85.80877576284699,69.09066325558162
2016-12-27T23:59:59Z,84.9990600946504,67.08328685341729
2016-12-28T00:59:59Z,82.85472525476726,63.779595258389385
2016-12-28T01:59:59Z,83.41984664859983,65.423539349056
2016-12-28T02:59:59Z,83.92971746003052,68.54221991983682
2016-12-28T03:59:59Z,83.68245270374042,67.55915450948778
2016-12-28T04:59:59Z,83.92658856366803,65.06627156288765
2016-12-28T05:59:59Z,83.81053418880164,65.55207409831443
2016-12-28T06:59:59Z,83.06341793870433,64.22795205385516
2016-12-28T07:59:59Z,82.69056393636448,66.26131917489701
2016-12-28T08:59:59Z,82.12602923607746,64.6090561109587
2016-12-28T09:59:59Z,82.94479711442999,66.6602294603326
2016-12-28T10:59:59Z,84.0795483731306,68.9058015854227
2016-12-28T11:59:59Z,83.76464485002893,67.1603355722034
2016-12-28T12:59:59Z,83.08855294424554,63.78575891805157
2016-12-28T13:59:59Z,83.06003888388257,62.09599819530154
2016-12-28T14:59:59Z,85.58039501690803,69.02995155084749
2016-12-28T15:59:59Z,85.8835709151362,70.66162207028009
2016-12-28T16:59:59Z,86.50961262165465,71.384398146853
2016-12-28T17:59:59Z,86.89744166560126,71.89837431984837
2016-12-28T18:59:59Z,85.4289845204102,72.21348094764242
2016-12-28T19:59:59Z,84.6340470287165,69.1523271664487
2016-12-28T20:59:59Z,84.4648001033318,70.33110675145122
2016-12-28T21:59:59Z,83.4908168204261,67.88191828821647
2016-12-28T22:59:59Z,82.84050170642324,66.05873875213634
2016-12-28T23:59:59Z,82.89549144983717,67.25283711074643
2016-12-29T00:59:59Z,82.9466856515462,67.03195670836368
2016-12-29T01:59:59Z,82.26415714061453,66.19221153783501
2016-12-29T02:59:59Z,81.33908420445925,67.12610071699224
2016-12-29T03:59:59Z,82.37505307668675,66.13022105292939
2016-12-29T04:59:59Z,82.53209839691789,67.23345808173552
2016-12-29T05:59:59Z,83.30400463447349,69.2537417484352
2016-12-29T06:59:59Z,83.87353027892435,69.40467347663366
2016-12-29T07:59:59Z,83.96102967117322,71.12202967542606
2016-12-29T08:59:59Z,84.4363632394665,70.68956352852985
2016-12-29T09:59:59Z,86.0468253751052,72.17421856467266
2016-12-29T10:59:59Z,86.43537528513878,73.75533010496032
2016-12-29T11:59:59Z,87.33666880717682,74.03673632890592
2016-12-29T12:59:59Z,87.27877194060272,74.0475033040247
2016-12-29T13:59:59Z,87.24109607810483,72.93785265587164
2016-12-29T14:59:59Z,86.11637155493877,71.98997872210604
2016-12-29T15:59:59Z,85.74988033056236,71.17386152142093
2016-12-29T16:59:59Z,85.86588978989828,72.0321756685841
2016-12-29T17:59:59Z,86.68057386944292,72.79035366596777
2016-12-29T18:59:59Z,87.45178877532352,69.92110608957675
2016-12-29T19:59:59Z,87.16011518597838,69.42873063811928
2016-12-29T20:59:59Z,83.77058593210403,66.67422701181138
2016-12-29T21:59:59Z,84.66328764180626,65.63619744607655
2016-12-29T22:59:59Z,85.39456229032089,65.37462206083626
2016-12-29T23:59:59Z,85.74136400317097,65.96604302004516
2016-12-30T00:59:59Z,85.01971238789172,66.66515231427613
2016-12-30T01:59:59Z,84.4184432863615,67.06727727328727
2016-12-30T02:59:59Z,84.3877078979669,66.82440847925533
2016-12-30T03:59:59Z,86.05569619051259,70.00592278854093
2016-12-30T04:59:59Z,87.2359862410505,71.77548819298507
2016-12-30T05:59:59Z,86.6466407492788,72.14673710755561
2016-12-30T06:59:59Z,86.40709724233376,71.40361028906247
2016-12-30T07:59:59Z,86.6188599823276,71.9923532586378
2016-12-30T08:59:59Z,87.00615485998135,71.42436147322093
2016-12-30T09:59:59Z,86.9375965195638,71.34732069824261
2016-12-30T10:59:59Z,85.34788247840591,68.03912773261052
2016-12-30T11:59:59Z,84.1900254281589,68.04252465150495
2016-12-30T12:59:59Z,84.11968994462337,66.38762200766193
2016-12-30T13:59:59Z,85.36586250169393,67.350763315632
2016-12-30T14:59:59Z,86.30005735314792,68.62538426159605
2016-12-30T15:59:59Z,85.17641025047175,69.03685388400292
2016-12-30T16:59:59Z,86.67975224614003,71.21185194877427
2016-12-30T17:59:59Z,86.61055892822408,70.62592854245716
2016-12-30T18:59:59Z,85.94519381069956,67.98811004788608
2016-12-30T19:59:59Z,85.2424694779295,65.0500605708026
2016-12-30T20:59:59Z,84.36845757704981,68.06411562603235
2016-12-30T21:59:59Z,83.19709692041829,68.18588449904502
2016-12-30T22:59:59Z,85.34848615156413,69.58265649673119
2016-12-30T23:59:59Z,86.5148325730254,71.83213191733424
2016-12-31T00:59:59Z,86.1472906790646,71.65563101862654
2016-12-31T01:59:59Z,85.52569809207019,70.76470696695725
2016-12-31T02:59:59Z,85.47620000537859,71.27905326903033
2016-12-31T03:59:59Z,84.55895041344792,71.48574182104025
2016-12-31T04:59:59Z,84.88808245153822,71.79140223566158
2016-12-31T05:59:59Z,86.31303568554192,72.06294990963323
2016-12-31T06:59:59Z,86.07721366288133,71.92022422201582
2016-12-31T07:59:59Z,85.96254720337151,71.20191096477015
2016-12-31T08:59:59Z,84.5767051719862,70.18855653153526
2016-12-31T09:59:59Z,83.33648213952347,68.6653804307824
2016-12-31T10:59:59Z,82.8667711730353,69.81317176459913
2016-12-31T11:59:59Z,82.90580830861661,70.41671581085193
2016-12-31T12:59:59Z,82.08688214284454,69.23171486207154
2016-12-31T13:59:59Z,82.8096463641645,69.09372411543683
2016-12-31T14:59:59Z,83.3876432756135,70.84638538421049
2016-12-31T15:59:59Z,83.38845937895776,71.83281566789505
2016-12-31T16:59:59Z,84.33341580814256,72.52998072968474
2016-12-31T17:59:59Z,84.90554304012677,72.5471842237488
2016-12-31T18:59:59Z,81.97382592370123,69.42910778107365
2016-12-31T19:59:59Z,85.55251240232622,74.01304741621395
2016-12-31T20:59:59Z,87.09243009033668,74.10227247358473
2016-12-31T21:59:59Z,86.39842537853714,69.77540704326009
2016-12-31T22:59:59Z,85.29667594490819,68.72613152757299
2016-12-31T23:59:59Z,86.29265197076008,70.9242817388512
2017-09-01T00:59:59Z,83.69980020678474,64.13998548659282
2017-09-01T01:59:59Z,85.82604935155358,65.70225773934358
2017-09-01T02:59:59Z,85.65202871205558,66.75873408496929
2017-09-01T03:59:59Z,85.77874316583944,66.91770958664651
2017-09-01T04:59:59Z,86.51918574971394,67.15565452444315
2017-09-01T05:59:59Z,86.09980500973008,65.9949307804467
2017-09-01T06:59:59Z,86.4023026628957,66.7961193911926
2017-09-01T07:59:59Z,86.24378251078325,65.99769627808284
2017-09-01T08:59:59Z,86.63466583311713,67.11560773037303
2017-09-01T09:59:59Z,87.75541394681075,69.04267009788038
2017-09-01T10:59:59Z,87.42038737477485,68.2505046121003
2017-09-01T11:59:59Z,86.58729795065794,66.10110842169834
2017-09-01T12:59:59Z,87.19690751929483,67.10644615070227
2017-09-01T13:59:59Z,88.33936762797259,70.15452329554654
2017-09-01T14:59:59Z,87.9839034958663,69.94432984939938
2017-09-01T15:59:59Z,87.55648848671319,69.69442727018648
2017-09-01T16:59:59Z,86.91014032407448,66.47890985471275
2017-09-01T17:59:59Z,87.06236615932096,66.68228054535925
2017-09-01T18:59:59Z,86.7968608529655,67.91077799912026
2017-09-01T19:59:59Z,85.66837874186558,65.45006245763065
2017-09-01T20:59:59Z,86.05849797061963,65.84887488109285
2017-09-01T21:59:59Z,86.07598721888264,67.84901518073026
2017-09-01T22:59:59Z,85.56905584078247,66.77021591947307
2017-09-01T23:59:59Z,86.79492852454649,68.34258158836442
2017-09-02T00:59:59Z,87.62426885656447,69.141860987142
2017-09-02T01:59:59Z,87.15526392860238,67.15040525598427
2017-09-02T02:59:59Z,86.83040005759149,63.485540929294224
2017-09-02T03:59:59Z,86.4549296964699,64.75435858452404
2017-09-02T04:59:59Z,86.98074074079922,65.74595498877693
2017-09-02T05:59:59Z,82.8066268269868,60.10010520341283
2017-09-02T06:59:59Z,82.86303333843411,59.4497861812157
2017-09-02T07:59:59Z,88.20593678343884,68.7036765289771
2017-09-02T08:59:59Z,87.75975101927065,66.53362879770572
2017-09-02T09:59:59Z,87.3692689308371,68.12521476201019
2017-09-02T10:59:59Z,84.77362304418324,65.81323888989851
2017-09-02T11:59:59Z,84.05294224891858,61.80903980348837
2017-09-02T12:59:59Z,85.65261901198335,63.01317473830851
2017-09-02T13:59:59Z,85.76796180928766,63.45908739990219
2017-09-02T14:59:59Z,85.46757004483902,63.86075932561021
2017-09-02T15:59:59Z,84.60163462925823,61.86838945612239
2017-09-02T16:59:59Z,83.24188062619835,60.305519632644376
2017-09-02T17:59:59Z,82.69648017602186,58.921217337380135
2017-09-02T18:59:59Z,82.76128213301381,59.55340651561427
2017-09-02T19:59:59Z,83.34145233111059,61.418555047311074
2017-09-02T20:59:59Z,83.58685482192145,61.295913135759555
2017-09-02T21:59:59Z,82.63758690006227,60.389636695146386
2017-09-02T22:59:59Z,83.08447506180595,61.50220793101994
2017-09-02T23:59:59Z,83.74211874330778,62.793931090813416
2017-09-03T00:59:59Z,82.94918173395261,60.13611057227224
2017-09-03T01:59:59Z,81.601391192409,58.54930438949766
2017-09-03T02:59:59Z,81.89123490084894,58.0821252716174
2017-09-03T03:59:59Z,82.29226455514323,58.5250670546466
2017-09-03T04:59:59Z,82.68359219911771,59.81165150151061
2017-09-03T05:59:59Z,81.79104107746747,58.6892314401359
2017-09-03T06:59:59Z,82.12044731015943,59.42053386103449
2017-09-03T07:59:59Z,83.5926824436519,62.82012717664853
2017-09-03T08:59:59Z,83.96299781763172,63.24229528658365
2017-09-03T09:59:59Z,81.66374285482063,57.26766558915767
2017-09-03T10:59:59Z,81.35090598919817,58.0276998741833
2017-09-03T11:59:59Z,81.52151227523474,57.770566338468676
2017-09-03T12:59:59Z,81.40215900613845,58.257181374228225
2017-09-03T13:59:59Z,83.09586507278567,59.42127679185431
2017-09-03T14:59:59Z,82.94266824264899,59.20858267767723
2017-09-03T15:59:59Z,82.87409769031056,59.66277951582836
2017-09-03T16:59:59Z,83.12549683350198,60.12903881157313
2017-09-03T17:59:59Z,83.32965196091776,60.39603390820048
2017-09-03T18:59:59Z,81.60573917772382,58.96002611654089
2017-09-03T19:59:59Z,82.01888217110853,58.91563375675261
2017-09-03T20:59:59Z,81.743873901881,59.08153695812033
2017-09-03T21:59:59Z,80.98353838284055,58.18794377194836
2017-09-03T22:59:59Z,82.1951956966346,60.34587222354091
2017-09-03T23:59:59Z,81.99541616227503,59.62698689490932
2017-09-04T00:59:59Z,81.34069236243899,57.57664005182111
2017-09-04T01:59:59Z,80.93434691345732,57.01435175070021
2017-09-04T02:59:59Z,80.67006727147344,56.4156931222114
2017-09-04T03:59:59Z,80.67514401632604,57.43327242284196
2017-09-04T04:59:59Z,81.30639000063785,58.19823867376783
2017-09-04T05:59:59Z,81.42301535729433,57.31236031029804
2017-09-04T06:59:59Z,81.60292687917534,60.24064540896919
2017-09-04T07:59:59Z,78.08220153803472,51.69269896284768
2017-09-04T08:59:59Z,78.93228138415583,53.453737516646385
2017-09-04T09:59:59Z,78.94067184100969,53.17442901408768
2017-09-04T10:59:59Z,78.51462296085032,54.982606142802005
2017-09-04T11:59:59Z,78.71189495055175,53.682594835722504
2017-09-04T12:59:59Z,78.35059096572768,53.75485769634358
2017-09-04T13:59:59Z,78.32569153516833,53.454614965937786
2017-09-04T14:59:59Z,78.20099218005551,53.49356456731962
2017-09-04T15:59:59Z,78.1757216817965,53.5921670286416
2017-09-04T16:59:59Z,78.08919498162375,53.253580551362816
2017-09-04T17:59:59Z,77.68765607197717,53.06401686458254
2017-09-04T18:59:59Z,77.5255512127335,52.82796960105597
2017-09-04T19:59:59Z,77.6042311501933,52.75245619689518
2017-09-04T20:59:59Z,77.79842651826772,52.98261525315629
2017-09-04T21:59:59Z,78.15821802308064,53.58255700745902
2017-09-04T22:59:59Z,78.22209506126926,53.717415268742855
2017-09-04T23:59:59Z,78.22799287822583,53.55112649093098
2017-09-05T00:59:59Z,78.13533034925136,53.479889252590894
2017-09-05T01:59:59Z,78.15501883734798,53.48371152031126
2017-09-05T02:59:59Z,78.1248191200808,53.460129854079355
2017-09-05T03:59:59Z,78.17074927007685,53.49975011493812
2017-09-05T04:59:59Z,78.10207071728087,53.56489067717359
2017-09-05T05:59:59Z,78.0976280653566,53.61240123417156
2017-09-05T06:59:59Z,78.45051585980868,54.10689839152237
2017-09-05T07:59:59Z,78.92494665379928,54.51720047652272
2017-09-05T08:59:59Z,79.08379601655692,54.02331259830673
2017-09-05T09:59:59Z,79.38371570460183,54.36144572545304
2017-09-05T10:59:59Z,79.47629342106832,54.1385773417021
2017-09-05T11:59:59Z,79.48429640222325,53.98439144535636
2017-09-05T12:59:59Z,79.4487316726076,53.833170753679696
2017-09-05T13:59:59Z,79.49355446565006,54.0269903716661
2017-09-05T14:59:59Z,79.58276182161957,54.163991373126464
2017-09-05T15:59:59Z,79.59405506747889,54.394147649836675
2017-09-05T16:59:59Z,79.65897939678116,54.328119958095826
2017-09-05T17:59:59Z,79.62390266091512,54.359962798746906
2017-09-05T18:59:59Z,79.45541672824032,54.29854586812438
2017-09-05T19:59:59Z,79.47662844297243,54.57015817129763
2017-09-05T20:59:59Z,79.58264063254113,54.54687904100141
2017-09-05T21:59:59Z,79.61911261328545,54.499313278332046
2017-09-05T22:59:59Z,79.7849684109534,54.53037303131053
2017-09-05T23:59:59Z,79.85303473383847,54.556083834694164
2017-09-06T00:59:59Z,79.88564374926584,54.884538553965065
2017-09-06T01:59:59Z,79.79205986135388,54.975426658037165
2017-09-06T02:59:59Z,79.67214979938042,54.955738532564325
2017-09-06T03:59:59Z,79.66716646017906,55.058273965889384
2017-09-06T04:59:59Z,79.74897314541978,55.07794591572631
2017-09-06T05:59:59Z,79.76279793142773,55.350400984448676
2017-09-06T06:59:59Z,79.76664637395002,55.37394054529986
2017-09-06T07:59:59Z,79.89385550902372,55.44071563543201
2017-09-06T08:59:59Z,79.94430901952823,55.39789002377168
2017-09-06T09:59:59Z,79.93987841329381,55.4367954590304
2017-09-06T10:59:59Z,79.86171252998098,55.44180671996034
2017-09-06T11:59:59Z,79.90995389813342,55.379860319517945
2017-09-06T12:59:59Z,79.88040956992846,55.33718542129331
2017-09-06T13:59:59Z,79.91816274512867,55.16231592956149
2017-09-06T14:59:59Z,79.84886328901983,55.19233989696892
2017-09-06T15:59:59Z,79.95300635650659,55.09466939037413
2017-09-06T16:59:59Z,79.94894737717173,55.16321933022436
2017-09-06T17:59:59Z,80.03993423503229,55.27149138760074
2017-09-06T18:59:59Z,79.89574675365988,55.21594082808257
2017-09-06T19:59:59Z,79.75833365141075,55.212430981968026
2017-09-06T20:59:59Z,79.81353087021195,55.15676137772466
2017-09-06T21:59:59Z,79.9568509475248,55.20027616846907
2017-09-06T22:59:59Z,80.05818135039631,55.39491305513704
2017-09-06T23:59:59Z,80.1184143383699,55.37211623936033
2017-09-07T00:59:59Z,80.0063655374791,55.4367927723439
2017-09-07T01:59:59Z,79.79216475525045,55.43672255301588
2017-09-07T02:59:59Z,79.77687181404795,55.576642626371104
2017-09-07T03:59:59Z,79.97844049533181,55.63042805537939
2017-09-07T04:59:59Z,79.80034477464842,55.74280783762437
2017-09-07T05:59:59Z,79.75692715040795,55.716229949929364
2017-09-07T06:59:59Z,79.84084004604809,55.744456840046446
2017-09-07T07:59:59Z,79.93533618363574,55.762623701790545
2017-09-07T08:59:59Z,79.87392017849506,55.68593485918929
2017-09-07T09:59:59Z,79.79691725768393,55.74255097552463
2017-09-07T10:59:59Z,79.97777896030311,55.81390529824344
2017-09-07T11:59:59Z,80.01796246331479,56.15414908915389
2017-09-07T12:59:59Z,81.0129324281178,57.324451416742576
2017-09-07T13:59:59Z,80.47980854780117,56.914899989418956
2017-09-07T14:59:59Z,80.05141043136665,55.945744036928026
2017-09-07T15:59:59Z,81.14366634949607,57.272857865950726
2017-09-07T16:59:59Z,80.68412372909874,57.687589681621795
2017-09-07T17:59:59Z,80.3098475340256,57.87310660067928
2017-09-07T18:59:59Z,81.16077788098325,55.925722657736394
2017-09-07T19:59:59Z,81.24612776988305,55.34942167582642
2017-09-07T20:59:59Z,81.58515231850214,56.935344220953795
2017-09-07T21:59:59Z,80.74293968349711,56.84465457348902
2017-09-07T22:59:59Z,81.5582096109149,58.64034375595856
2017-09-07T23:59:59Z,82.28111408327544,60.8476954621749
2017-09-08T00:59:59Z,82.85076055060956,61.100735785354914
2017-09-08T01:59:59Z,83.05538085916875,62.36263467656951
2017-09-08T02:59:59Z,81.74389994294539,60.77206375253338
2017-09-08T03:59:59Z,82.01157860654627,60.681231175132616
2017-09-08T04:59:59Z,81.46282887739677,58.91093501810698
2017-09-08T05:59:59Z,81.9337529341643,60.09256439507136
2017-09-08T06:59:59Z,82.2552131933865,62.66421441135461
2017-09-08T07:59:59Z,82.43994432211602,63.71535125138256
2017-09-08T08:59:59Z,81.84051192201521,63.49138468556055
2017-09-08T09:59:59Z,81.90673188773688,63.034560020802374
2017-09-08T10:59:59Z,82.78818467663933,64.05837597128918
2017-09-08T11:59:59Z,82.75582802570325,65.50859161489247
2017-09-08T12:59:59Z,82.76288541272325,63.27998657199488
2017-09-08T13:59:59Z,82.763222633133,62.923109115995786
2017-09-08T14:59:59Z,82.62919488404212,63.918327104816576
2017-09-08T15:59:59Z,82.32095957120028,63.869095290560914
2017-09-08T16:59:59Z,83.20524619137285,64.22515701131532
2017-09-08T17:59:59Z,83.70417505405455,65.28909843334421
2017-09-08T18:59:59Z,84.14256113581244,66.9760388290751
2017-09-08T19:59:59Z,83.61943821393167,64.67206381087816
2017-09-08T20:59:59Z,83.80570276818115,65.06296843383083
2017-09-08T21:59:59Z,82.93810123443082,64.07747489005084
2017-09-08T22:59:59Z,83.15488172434513,62.61448321009826
2017-09-08T23:59:59Z,83.04876101888725,63.74784732125439
2017-09-09T00:59:59Z,83.40412445934665,64.64929568800204
2017-09-09T01:59:59Z,83.36280186824699,64.74738903176718
2017-09-09T02:59:59Z,83.75543845974933,66.21491514522852
2017-09-09T03:59:59Z,83.68140872801601,65.61334650443999
2017-09-09T04:59:59Z,83.89095023969618,66.17016807824302
2017-09-09T05:59:59Z,84.09593136118333,66.02858680904494
2017-09-09T06:59:59Z,83.94145983344315,65.83423568610321
2017-09-09T07:59:59Z,83.59066420441488,64.9613419150139
2017-09-09T08:59:59Z,84.22858569404042,66.23931801999396
2017-09-09T09:59:59Z,83.90234341643863,66.18388398123896
2017-09-09T10:59:59Z,84.04761309106496,66.57728178952546
2017-09-09T11:59:59Z,83.79939830661306,65.94678945539513
2017-09-09T12:59:59Z,84.04912626882002,66.49983789581223
2017-09-09T13:59:59Z,83.91700592301795,66.47216025217398
2017-09-09T14:59:59Z,84.48142637363804,67.30036206859897
2017-09-09T15:59:59Z,84.16782009798128,66.8793069951868
2017-09-09T16:59:59Z,84.12585543377739,67.60283995460794
2017-09-09T17:59:59Z,84.04737251308123,68.1003412983188
2017-09-09T18:59:59Z,84.10599308707147,68.55149254330728
2017-09-09T19:59:59Z,84.09208083728083,67.48161878637654
2017-09-09T20:59:59Z,84.35124451070608,67.76539134302226
2017-09-09T21:59:59Z,84.21306296157336,67.92204401613758
2017-09-09T22:59:59Z,84.50079372967136,67.82197465934422
2017-09-09T23:59:59Z,84.29559798591106,67.36791999768731
2017-09-10T00:59:59Z,84.24968839137351,67.82382527324046
2017-09-10T01:59:59Z,84.20236382189739,67.5667323431228
2017-09-10T02:59:59Z,84.2922786408071,67.57693678419514
2017-09-10T03:59:59Z,84.35683949563646,67.9051315183255
2017-09-10T04:59:59Z,84.42705758608652,68.13726940814959
2017-09-10T05:59:59Z,84.48153152331875,68.03486189009122
2017-09-10T06:59:59Z,84.44006822227688,67.9433221572138
2017-09-10T07:59:59Z,84.47195692914923,65.95248433216769
2017-09-10T08:59:59Z,84.6057316832194,66.82369447011166
2017-09-10T09:59:59Z,84.55156367062845,67.68056138584582
2017-09-10T10:59:59Z,84.5133317572619,66.88731579291316
2017-09-10T11:59:59Z,85.05647676037962,68.09785818573852
2017-09-10T12:59:59Z,84.70614150482241,67.42262028761853
2017-09-10T13:59:59Z,84.4993815437722,67.4829651981944
2017-09-10T14:59:59Z,84.66302981208345,67.37618773270106
2017-09-10T15:59:59Z,84.69548374701309,68.26403587715271
2017-09-10T16:59:59Z,84.80724183518215,67.42130226023575
2017-09-10T17:59:59Z,84.66759963884475,67.51434442272364
2017-09-10T18:59:59Z,84.52432783387833,67.470571892392
2017-09-10T19:59:59Z,84.48124766241915,67.20316226877476
2017-09-10T20:59:59Z,84.79834200748923,67.26801279669992
2017-09-10T21:59:59Z,84.86632498267629,66.9804769733469
2017-09-10T22:59:59Z,84.36554278361236,67.16664171026778
2017-09-10T23:59:59Z,84.55695040295905,67.20241456343062
2017-09-11T00:59:59Z,83.8922035846735,66.20060808995494
2017-09-11T01:59:59Z,83.39520796777703,64.38203841866265
2017-09-11T02:59:59Z,84.85783155651569,67.68910590361185
2017-09-11T03:59:59Z,85.05574555615239,67.81626498484292
2017-09-11T04:59:59Z,84.52357803058646,66.89972325297698
2017-09-11T05:59:59Z,84.64036010631547,67.4421457917384
2017-09-11T06:59:59Z,85.11161240428406,69.30611173133465
2017-09-11T07:59:59Z,84.24918371591713,67.11049090583049
2017-09-11T08:59:59Z,84.74794395550636,67.80071477507556
2017-09-11T09:59:59Z,84.73460473435836,67.3457953632937
2017-09-11T10:59:59Z,84.98705760836144,67.06080431815491
2017-09-11T11:59:59Z,86.21687621104967,69.2253395691003
2017-09-11T12:59:59Z,85.30906028325003,66.63264370244885
2017-09-11T13:59:59Z,85.75286551513413,68.01581890289906
2017-09-11T14:59:59Z,85.27622845862827,66.6655993542722
2017-09-11T15:59:59Z,84.54959257956874,63.28598653444413
2017-09-11T16:59:59Z,84.79319569714842,64.10214269005502
2017-09-11T17:59:59Z,85.51669414657097,66.35498112404713
2017-09-11T18:59:59Z,85.4897670200442,66.511684357419
2017-09-11T19:59:59Z,84.72812422681126,64.79697547759237
2017-09-11T20:59:59Z,85.87107906432958,66.72718529485726
2017-09-11T21:59:59Z,85.67087176711902,66.85081881222796
2017-09-11T22:59:59Z,84.93095598701107,65.07548464859961
2017-09-11T23:59:59Z,85.18463303283967,66.24974598591989
2017-09-12T00:59:59Z,86.6935710334655,69.93356689395637
2017-09-12T01:59:59Z,86.3014858051274,68.21688732240517
2017-09-12T02:59:59Z,85.54306614735167,66.15607527431698
2017-09-12T03:59:59Z,87.14268670068634,67.58116111758298
2017-09-12T04:59:59Z,86.06401576953367,67.28831256716288
2017-09-12T05:59:59Z,85.22293479602003,65.73278284730782
2017-09-12T06:59:59Z,84.20794687181234,66.19103255154343
2017-09-12T07:59:59Z,83.35785145734378,64.57886805655244
2017-09-12T08:59:59Z,85.05817491802135,66.37670263449125
2017-09-12T09:59:59Z,84.32471163942235,66.24487107440922
2017-09-12T10:59:59Z,85.12341691780874,65.99475476473418
2017-09-12T11:59:59Z,86.84049845530865,69.22667183537867
2017-09-12T12:59:59Z,87.0576460764164,70.15040477417041
2017-09-12T13:59:59Z,84.27453277397841,63.757653998819656
2017-09-12T14:59:59Z,85.7984566834619,66.01053535698004
2017-09-12T15:59:59Z,83.74279704258826,62.628751986144636
2017-09-12T16:59:59Z,85.22754273143401,64.53640277081578
2017-09-12T17:59:59Z,84.1809867283795,62.482980794214605
2017-09-12T18:59:59Z,85.34649663310661,63.805460435485024
2017-09-12T19:59:59Z,85.35289131134367,66.47654646985087
2017-09-12T20:59:59Z,85.8839661671679,66.96181412424366
2017-09-12T21:59:59Z,86.87462232561029,68.26266524415028
2017-09-12T22:59:59Z,85.3299145638852,65.43802598594355
2017-09-12T23:59:59Z,83.90281060162805,63.63275219086776
2017-09-13T00:59:59Z,84.44870835264003,64.51187570180912
2017-09-13T01:59:59Z,84.30260215035689,64.07147544720499
2017-09-13T02:59:59Z,85.73668843612494,66.73545657351455
2017-09-13T03:59:59Z,85.73804678604229,66.72104173858465
2017-09-13T04:59:59Z,85.57445413618028,66.76441189646138
2017-09-13T05:59:59Z,85.46908000548875,65.36972211593465
2017-09-13T06:59:59Z,85.87108120906053,66.27162858818491
2017-09-13T07:59:59Z,86.75050720731326,67.81505954469394
2017-09-13T08:59:59Z,85.7005409013975,66.20405340568135
2017-09-13T09:59:59Z,86.59861281600708,67.2078830408912
2017-09-13T10:59:59Z,86.8155752015412,67.76139242279683
2017-09-13T11:59:59Z,86.56282010401601,67.3989732005638
2017-09-13T12:59:59Z,84.71851102292689,65.70029868184922
2017-09-13T13:59:59Z,84.65358291443636,63.226685415495076
2017-09-13T14:59:59Z,85.13698223195362,64.59928644745261
2017-09-13T15:59:59Z,86.31785039743632,67.68013471807974
2017-09-13T16:59:59Z,87.30588207348804,68.74744233268366
2017-09-13T17:59:59Z,85.65260612731777,64.0706405821014
2017-09-13T18:59:59Z,86.03590899829969,65.37932619964812
2017-09-13T19:59:59Z,87.68743525859465,68.24004055277587
2017-09-13T20:59:59Z,88.00892086182849,69.31146187751716
2017-09-13T21:59:59Z,87.8144649739749,69.18017633289115
2017-09-13T22:59:59Z,87.34302798775535,68.05127184680835
2017-09-13T23:59:59Z,87.46080765022509,67.50901434156827
2017-09-14T00:59:59Z,87.32639591416633,67.7446439549213
2017-09-14T01:59:59Z,85.94152306556231,65.49311521846533
2017-09-14T02:59:59Z,85.43973619917314,64.49932355868738
2017-09-14T03:59:59Z,85.77341754362304,64.00842097580829
2017-09-14T04:59:59Z,86.50604505146543,65.77622193397764
2017-09-14T05:59:59Z,88.4046237404802,69.97563569463199
2017-09-14T06:59:59Z,87.37651976372376,69.8353389946979
2017-09-14T07:59:59Z,86.00464078857514,64.81081913656195
2017-09-14T08:59:59Z,84.38672992076921,62.11077038507621
2017-09-14T09:59:59Z,86.29386653478508,64.69028042810291
2017-09-14T10:59:59Z,87.0988105654692,66.25676480750343
2017-09-14T11:59:59Z,88.13749807920362,68.00685640798093
2017-09-14T12:59:59Z,88.68361418713131,69.84964613329664
2017-09-14T13:59:59Z,87.40606620657586,68.4397390402518
2017-09-14T14:59:59Z,85.55667739257701,61.8825226161466
2017-09-14T15:59:59Z,84.94619768263318,62.61707434527784
2017-09-14T16:59:59Z,87.93473047935898,67.13511518005173
2017-09-14T17:59:59Z,88.88263841684193,69.7307684927747
2017-09-14T18:59:59Z,89.03155164381758,70.5539909212528
2017-09-14T19:59:59Z,86.58981001649026,66.31943359611492
2017-09-14T20:59:59Z,85.95875982265152,62.71334237348934
2017-09-14T21:59:59Z,87.4973002293652,64.48436309284001
2017-09-14T22:59:59Z,87.3565316150822,66.54517668371864
2017-09-14T23:59:59Z,88.39576415458954,67.55611320868383
2017-09-15T00:59:59Z,87.00173157630176,66.87573895553805
2017-09-15T01:59:59Z,87.28197137052621,66.44063140817974
2017-09-15T02:59:59Z,86.25634516470414,64.12284954516912
2017-09-15T03:59:59Z,85.7488059259955,63.45871418829682
2017-09-15T04:59:59Z,81.70657038732844,60.56512710484722
2017-09-15T05:59:59Z,81.95437846623513,62.615672990038256
2017-09-15T06:59:59Z,86.89445853285996,68.22391569576652
2017-09-15T07:59:59Z,86.76015941609246,66.8094737518257
2017-09-15T08:59:59Z,87.41513777466992,66.90418721727957
2017-09-15T09:59:59Z,86.50963235298195,66.15671849969512
2017-09-15T10:59:59Z,87.18349512273494,66.06262029725762
2017-09-15T11:59:59Z,86.98623596521942,65.744741662768
2017-09-15T12:59:59Z,86.77980496355042,64.58426063575594
2017-09-15T13:59:59Z,88.67774141115581,68.31394119524904
2017-09-15T14:59:59Z,89.0784612203323,69.26035102745679
2017-09-15T15:59:59Z,87.92780338766359,66.99059397074848
2017-09-15T16:59:59Z,86.53381199903436,65.15272140811656
2017-09-15T17:59:59Z,87.494130979578,65.88895096985466
2017-09-15T18:59:59Z,87.4212596294921,66.58873394294237
2017-09-15T19:59:59Z,86.97126950002549,66.11675456872267
2017-09-15T20:59:59Z,85.5957126078162,62.68801818249782
2017-09-15T21:59:59Z,86.22666194019284,64.23113463392244
2017-09-15T22:59:59Z,85.80051090956344,64.92488299449766
2017-09-15T23:59:59Z,86.87908844366397,66.80527871739223
2017-09-16T00:59:59Z,86.8789545205309,66.83266298283986
2017-09-16T01:59:59Z,87.90962376080704,66.71615506200203
2017-09-16T02:59:59Z,87.08380299140352,66.4939367395956
2017-09-16T03:59:59Z,86.40419943084123,64.9653670104496
2017-09-16T04:59:59Z,87.55165137454843,69.5827635206408
2017-09-16T05:59:59Z,88.21707809457628,70.88291829460233
2017-09-16T06:59:59Z,86.77908312791187,66.91533821276215
2017-09-16T07:59:59Z,87.37781316245946,68.08724035707853
2017-09-16T08:59:59Z,86.98862748724453,68.01228470074997
2017-09-16T09:59:59Z,86.10499696591046,67.06567774170743
2017-09-16T10:59:59Z,85.71308298490976,66.55106649760245
2017-09-16T11:59:59Z,86.08300037020115,66.14937882893261
2017-09-16T12:59:59Z,86.56566858591991,65.70340254506827
2017-09-16T13:59:59Z,87.07302296490549,67.4111035230958
2017-09-16T14:59:59Z,87.62322807780158,69.44691648560794
2017-09-16T15:59:59Z,87.03611364826774,68.53914349557984
2017-09-16T16:59:59Z,84.60335218969992,60.93560204087285
2017-09-16T17:59:59Z,84.65173586700611,63.09014448883506
2017-09-16T18:59:59Z,86.67216077227158,68.33522636305833
2017-09-16T19:59:59Z,87.12292030175331,68.15875043638779
2017-09-16T20:59:59Z,87.06087201085086,67.7155169703374
2017-09-16T21:59:59Z,85.19330746607467,65.76546285139676
2017-09-16T22:59:59Z,87.5773936030328,71.30265856769675
2017-09-16T23:59:59Z,86.9659736549976,69.77710242930935
2017-09-17T00:59:59Z,85.7926015434507,66.21097649828502
2017-09-17T01:59:59Z,87.18757674556537,68.73704436099374
2017-09-17T02:59:59Z,86.50525742872911,66.46002952138275
2017-09-17T03:59:59Z,85.31776228180233,63.75966370666736
2017-09-17T04:59:59Z,86.27887106698317,63.63639477393071
2017-09-17T05:59:59Z,87.68508199547493,68.01992407221654
2017-09-17T06:59:59Z,86.87703537796988,68.66428289610496
2017-09-17T07:59:59Z,86.54437967078756,68.26741178527608
2017-09-17T08:59:59Z,87.96575173158142,70.8596903365595
2017-09-17T09:59:59Z,86.4133407592504,68.53516080669509
2017-09-17T10:59:59Z,87.01541012188234,66.36594062075433
2017-09-17T11:59:59Z,88.26901988604466,68.76667170117436
2017-09-17T12:59:59Z,86.92300978313334,68.27809234418078
2017-09-17T13:59:59Z,86.85047608931968,67.00691898456678
2017-09-17T14:59:59Z,87.01378677661485,66.89857937442832
2017-09-17T15:59:59Z,85.77193527291031,64.3539327661093
2017-09-17T16:59:59Z,85.57139447598534,64.9285214159739
2017-09-17T17:59:59Z,88.59538331145656,70.0080619201824
2017-09-17T18:59:59Z,88.84535805701178,72.56448294801977
2017-09-17T19:59:59Z,87.85740273737288,68.1412955906718
2017-09-17T20:59:59Z,86.41539555525746,65.30250277590056
2017-09-17T21:59:59Z,86.07889912905887,64.73486237469982
2017-09-17T22:59:59Z,87.22435369404677,67.26340187628031
2017-09-17T23:59:59Z,87.14496345934185,66.30950032565086
2017-09-18T00:59:59Z,86.0611544736546,64.89679709274206
2017-09-18T01:59:59Z,88.05369170253573,69.21499509384311
2017-09-18T02:59:59Z,87.33122623869667,68.9676301427801
2017-09-18T03:59:59Z,85.94722494141979,65.3743037179898
2017-09-18T04:59:59Z,86.49726582597346,67.28585509563969
2017-09-18T05:59:59Z,86.53554676952051,66.29035535227642
2017-09-18T06:59:59Z,84.24456749785334,62.91522588638726
2017-09-18T07:59:59Z,86.59047393530386,67.42274710773398
2017-09-18T08:59:59Z,86.84504596184341,65.9988403293942
2017-09-18T09:59:59Z,88.98701607707035,70.48135083781708
2017-09-18T10:59:59Z,89.56187002334757,71.67468374057268
2017-09-18T11:59:59Z,88.5017988196618,69.77457434751364
2017-09-18T12:59:59Z,88.05277409862926,69.36154495639948
2017-09-18T13:59:59Z,87.84991281175303,69.17184206706976
2017-09-18T14:59:59Z,86.25188021259834,65.62231366469908
2017-09-18T15:59:59Z,87.15733632028112,67.00160177681973
2017-09-18T16:59:59Z,87.02729539805671,67.47275488892642
2017-09-18T17:59:59Z,87.68045712575463,68.73024953875668
2017-09-18T18:59:59Z,88.61017534527222,70.88065992834588
2017-09-18T19:59:59Z,87.17089110072762,68.47461076224731
2017-09-18T20:59:59Z,87.15515292960526,66.64366144423381
2017-09-18T21:59:59Z,87.3044019543434,68.39933560772536
2017-09-18T22:59:59Z,87.60374231420394,68.6172085190352
2017-09-18T23:59:59Z,88.61391280223467,70.76123436967708
2017-09-19T00:59:59Z,88.82112358653148,69.9495129789338
2017-09-19T01:59:59Z,87.88606864168058,66.96068630886441
2017-09-19T02:59:59Z,87.96408601717717,67.18258354546815
2017-09-19T03:59:59Z,87.49326476866327,67.00960799141264
2017-09-19T04:59:59Z,87.8296701403576,67.78871534456601
2017-09-19T05:59:59Z,87.64072779028304,68.44286189108685
2017-09-19T06:59:59Z,87.62931634009765,67.08175982546464
2017-09-19T07:59:59Z,88.1814915491625,68.79296642418518
2017-09-19T08:59:59Z,87.02851781827712,66.24121792192541
2017-09-19T09:59:59Z,87.02310784706492,65.94154940071647
2017-09-19T10:59:59Z,87.69327461547887,67.35497351589139
2017-09-19T11:59:59Z,87.81768320849626,67.40548128621145
2017-09-19T12:59:59Z,87.82569693162151,68.492918353755
2017-09-19T13:59:59Z,87.5841982133018,68.23313909431911
2017-09-19T14:59:59Z,87.82354671328892,68.56362048600708
2017-09-19T15:59:59Z,87.97149001825301,68.47049879192689
2017-09-19T16:59:59Z,88.43078869060889,69.68528630922292
2017-09-19T17:59:59Z,88.48374139576667,69.21059573907924
2017-09-19T18:59:59Z,87.77920746771186,67.8805426894981
2017-09-19T19:59:59Z,88.2616007859004,69.24420773794942
2017-09-19T20:59:59Z,88.52068737143657,70.16963702759216
2017-09-19T21:59:59Z,87.5956376389621,69.58951632820884
2017-09-19T22:59:59Z,87.59138371479928,68.26032000369202
2017-09-19T23:59:59Z,88.47687467689029,69.47659745903007
2017-09-20T00:59:59Z,87.87586876900934,69.55631059159097
2017-09-20T01:59:59Z,87.97025974467111,69.06658466486572
2017-09-20T02:59:59Z,87.06132427498237,66.5098650493793
2017-09-20T03:59:59Z,88.14605356958675,67.92918167740474
2017-09-20T04:59:59Z,88.18827013807908,65.74037656611821
2017-09-20T05:59:59Z,88.21962761429624,66.6402526410555
2017-09-20T06:59:59Z,86.9640384519626,64.89934406755698
2017-09-20T07:59:59Z,86.53895673616042,64.69647832544241
2017-09-20T08:59:59Z,87.62179602774614,65.7765174883399
2017-09-20T09:59:59Z,87.63911294597169,66.88597285940324
2017-09-20T10:59:59Z,88.19414364878394,67.1616322115682
2017-09-20T11:59:59Z,83.72086397959477,61.828498128260385
2017-09-20T12:59:59Z,87.6317518064555,67.99173956076326
2017-09-20T13:59:59Z,87.33217068396105,65.06396399424877
2017-09-20T14:59:59Z,87.73820960392442,66.22264660967083
2017-09-20T15:59:59Z,86.3792677378212,64.70510462530612
2017-09-20T16:59:59Z,86.46430522813792,64.03728486075534
2017-09-20T17:59:59Z,87.39472394769922,66.14131271999392
2017-09-20T18:59:59Z,86.49148927084765,65.2150271728505
2017-09-20T19:59:59Z,87.48428538850028,65.90950648510658
2017-09-20T20:59:59Z,88.20611362606489,67.38915446016696
2017-09-20T21:59:59Z,88.57992522844599,67.94600908987611
2017-09-20T22:59:59Z,88.0106985284112,67.36248144116887
2017-09-20T23:59:59Z,88.0804324645057,67.54165830768437
2017-09-21T00:59:59Z,87.668812839898,67.01075615387215
2017-09-21T01:59:59Z,87.48906490841186,64.33321332919876
2017-09-21T02:59:59Z,86.60122794005997,64.64815965448335
2017-09-21T03:59:59Z,86.54844012075041,64.82851174942982
2017-09-21T04:59:59Z,87.1165270258121,65.2411262789039
2017-09-21T05:59:59Z,87.53503313645196,66.18598777280808
2017-09-21T06:59:59Z,88.36491742109418,68.02159719372503
2017-09-21T07:59:59Z,87.50037295887746,66.39932072604496
2017-09-21T08:59:59Z,87.47686014272215,65.99611946732284
2017-09-21T09:59:59Z,87.83805567006698,66.47846522523893
2017-09-21T10:59:59Z,87.32580128187838,66.94315830803168
2017-09-21T11:59:59Z,87.5520714474864,66.25876424712494
2017-09-21T12:59:59Z,87.35141707142479,67.44372529839073
2017-09-21T13:59:59Z,87.20215519074405,66.46783546698686
2017-09-21T14:59:59Z,87.20294224003253,65.67595220900347
2017-09-21T15:59:59Z,87.28239367706362,66.7961693418925
2017-09-21T16:59:59Z,87.24330929415022,65.94848475019965
2017-09-21T17:59:59Z,87.68848642182373,68.92908898331662
2017-09-21T18:59:59Z,87.49068683513246,67.35714559942792
2017-09-21T19:59:59Z,86.89800544953134,65.53989138685075
2017-09-21T20:59:59Z,86.79199315348451,65.46998335216544
2017-09-21T21:59:59Z,86.45263424325412,65.45640522865635
2017-09-21T22:59:59Z,86.97312419008428,66.52059531333677
2017-09-21T23:59:59Z,87.00225015704893,66.76433003663709
2017-09-22T00:59:59Z,86.59406490067681,66.22869970321206
2017-09-22T01:59:59Z,86.70700813653941,66.52863517027126
2017-09-22T02:59:59Z,86.07378100819817,65.05601246322243
2017-09-22T03:59:59Z,86.6166046749649,65.7620759841022
2017-09-22T04:59:59Z,88.28651574016915,68.85880305559562
2017-09-22T05:59:59Z,86.81307507522695,67.03532678389072
2017-09-22T06:59:59Z,88.05290788032478,69.32037782961257
2017-09-22T07:59:59Z,88.1772805280289,69.97518169189776
2017-09-22T08:59:59Z,87.47938529570571,68.77696129280417
2017-09-22T09:59:59Z,86.83059836894792,66.45055694733189
2017-09-22T10:59:59Z,86.98303705665069,66.56487087900389
2017-09-22T11:59:59Z,86.98723660250828,66.09792860453125
2017-09-22T12:59:59Z,87.61168219390022,67.1909965065337
2017-09-22T13:59:59Z,86.06816879277157,63.86374722900811
2017-09-22T14:59:59Z,86.79229660683059,65.43219565231233
2017-09-22T15:59:59Z,87.6457864671522,68.42171817939057
2017-09-22T16:59:59Z,87.88956391832728,69.29844506041917
2017-09-22T17:59:59Z,87.60851859505904,67.98725251128256
2017-09-22T18:59:59Z,87.0481801384405,67.9164729284366
2017-09-22T19:59:59Z,86.38611230494604,67.15960972031745
2017-09-22T20:59:59Z,85.25061665838462,64.00179830971189
2017-09-22T21:59:59Z,82.58463685317327,60.323641658271626
2017-09-22T22:59:59Z,79.55578324201825,57.43330186035722
2017-09-22T23:59:59Z,79.88072840260858,59.04150940046223
2017-09-23T00:59:59Z,81.00615029797314,58.96211157309251
2017-09-23T01:59:59Z,83.81193896675605,58.75143422247121
2017-09-23T02:59:59Z,83.77943558280201,61.409349382216355
2017-09-23T03:59:59Z,84.6900645178748,63.991761844423664
2017-09-23T04:59:59Z,85.1499884388296,64.98026617769395
2017-09-23T05:59:59Z,85.55622892103776,66.38334902234311
2017-09-23T06:59:59Z,85.04244506331827,66.73271032007581
2017-09-23T07:59:59Z,84.87499496190715,65.68605426726243
2017-09-23T08:59:59Z,85.05951514813658,66.06714346717989
2017-09-23T09:59:59Z,85.89885048851927,66.86479920558703
2017-09-23T10:59:59Z,86.65029560811296,68.6233136851917
2017-09-23T11:59:59Z,86.94350853397164,69.54949973774846
2017-09-23T12:59:59Z,85.92080358632701,65.67756497542595
2017-09-23T13:59:59Z,86.23482218712304,66.41657784592942
2017-09-23T14:59:59Z,86.16102728126056,67.71146275100003
2017-09-23T15:59:59Z,85.46884284986145,65.37415768699924
2017-09-23T16:59:59Z,85.96130731501489,66.47442379191327
2017-09-23T17:59:59Z,86.4987640142041,67.78050175972491
2017-09-23T18:59:59Z,85.83015840562416,66.8147005644343
2017-09-23T19:59:59Z,86.29287146067536,67.22383271717132
2017-09-23T20:59:59Z,86.28939198694995,67.45980526161222
2017-09-23T21:59:59Z,86.91646352175788,68.2846113140089
2017-09-23T22:59:59Z,87.58901578956447,68.91593811094037
2017-09-23T23:59:59Z,86.69873281976042,65.58981098412247
2017-09-24T00:59:59Z,86.85276229367211,66.12990339158631
2017-09-24T01:59:59Z,87.7310929259321,66.07290701548976
2017-09-24T02:59:59Z,87.79557191665363,67.77562012492861
2017-09-24T03:59:59Z,85.77825102028105,63.56949848655441
2017-09-24T04:59:59Z,87.73505313334772,67.51907641760147
2017-09-24T05:59:59Z,87.34781154439486,67.14807215873391
2017-09-24T06:59:59Z,87.32657481521416,67.28753360217043
2017-09-24T07:59:59Z,86.62483394836791,66.01958386558064
2017-09-24T08:59:59Z,86.85644130819196,66.51913050522919
2017-09-24T09:59:59Z,87.16285429102174,67.05411047558695
2017-09-24T10:59:59Z,87.94888551440549,68.67396561367613
2017-09-24T11:59:59Z,87.17401360038669,68.44903298240294
2017-09-24T12:59:59Z,86.72036862619092,66.3913925981355
2017-09-24T13:59:59Z,87.5056264420225,68.12492109022293
2017-09-24T14:59:59Z,88.00084327031662,69.99242435812026
2017-09-24T15:59:59Z,87.38121850008365,67.74865044561692
2017-09-24T16:59:59Z,87.6093417307557,67.16087278640204
2017-09-24T17:59:59Z,86.75942821536869,66.75344784940752
2017-09-24T18:59:59Z,86.67681090671552,66.2465844870965
2017-09-24T19:59:59Z,87.21490693625499,68.10451595575381
2017-09-24T20:59:59Z,86.98160259396661,68.29102830979463
2017-09-24T21:59:59Z,87.84377169012032,69.14630132275717
2017-09-24T22:59:59Z,87.9787508062537,69.59780909248951
2017-09-24T23:59:59Z,87.17934892899791,67.75224101652412
2017-09-25T00:59:59Z,86.47671512423285,66.50372084588219
2017-09-25T01:59:59Z,85.84290489738623,65.71531557680503
2017-09-25T02:59:59Z,87.06619199748341,67.5457980791146
2017-09-25T03:59:59Z,86.83807358310206,67.6270531523275
2017-09-25T04:59:59Z,87.03116027329857,67.28835547418457
2017-09-25T05:59:59Z,86.75448967273682,67.38142867120749
2017-09-25T06:59:59Z,86.77776451671544,66.49659717838185
2017-09-25T07:59:59Z,86.75595582210137,67.32559378373212
2017-09-25T08:59:59Z,86.98786563391415,67.98739364871231
2017-09-25T09:59:59Z,87.89162371808534,68.89178920206751
2017-09-25T10:59:59Z,87.39041243296093,67.80201004427893
2017-09-25T11:59:59Z,87.74647064018428,68.28650933248453
2017-09-25T12:59:59Z,87.89254669407838,68.86066406432445
2017-09-25T13:59:59Z,86.91618135362567,67.87761280111151
2017-09-25T14:59:59Z,86.34328818013206,66.27277447644664
2017-09-25T15:59:59Z,87.33583904268096,67.57476482055742
2017-09-25T16:59:59Z,87.54527042559805,67.55316032242932
2017-09-25T17:59:59Z,87.53965396882415,66.48729370667115
2017-09-25T18:59:59Z,87.36326009943495,66.51518950102663
2017-09-25T19:59:59Z,87.06583193776872,65.74713560747776
2017-09-25T20:59:59Z,87.19824670249129,66.6520291166351
2017-09-25T21:59:59Z,86.80044110808645,66.35044064180565
2017-09-25T22:59:59Z,86.56481283603362,66.1790784903626
2017-09-25T23:59:59Z,87.44368742522597,68.11413747661084
2017-09-26T00:59:59Z,86.35369811036112,65.67360190623666
2017-09-26T01:59:59Z,86.96143397058067,65.97096250194691
2017-09-26T02:59:59Z,87.05176414539238,66.23853092607135
2017-09-26T03:59:59Z,87.14080912233742,66.24541298929124
2017-09-26T04:59:59Z,87.19312075140495,66.17796593999505
2017-09-26T05:59:59Z,87.10924774900536,66.22343268131426
2017-09-26T06:59:59Z,82.89032557650837,60.79187994056507
2017-09-26T07:59:59Z,80.65278722538454,57.411165479993514
2017-09-26T08:59:59Z,81.2099092611856,56.99343030131878
2017-09-26T09:59:59Z,81.02120544487734,56.45272643537104
2017-09-26T10:59:59Z,80.45603986781056,54.90430054688719
2017-09-26T11:59:59Z,81.30018628013615,58.08718211551971
2017-09-26T12:59:59Z,84.85406210054123,60.365035726829966
2017-09-26T13:59:59Z,84.95062513239131,59.66443616344876
2017-09-26T14:59:59Z,85.81726744311122,63.69775481862185
2017-09-26T15:59:59Z,86.67468810912699,63.86104473913271
2017-09-26T16:59:59Z,86.7659737606748,65.78640224474304
2017-09-26T17:59:59Z,86.4298082221311,63.29485827720881
2017-09-26T18:59:59Z,87.61654933934305,67.64915615861283
2017-09-26T19:59:59Z,87.61898070478414,68.4079454060039
2017-09-26T20:59:59Z,85.08635115201234,63.5353760465138
2017-09-26T21:59:59Z,85.54166331621995,62.84066602331612
2017-09-26T22:59:59Z,86.67777668367694,65.63506862837363
2017-09-26T23:59:59Z,86.33175483536678,66.19445282167148
2017-09-27T00:59:59Z,87.30457246393121,67.70141279701541
2017-09-27T01:59:59Z,88.07701695842997,69.89728416045568
2017-09-27T02:59:59Z,87.16405387512047,68.92820986374619
2017-09-27T03:59:59Z,86.67654696932281,68.34450120052833
2017-09-27T04:59:59Z,86.18850080469112,66.94994009490155
2017-09-27T05:59:59Z,86.36093950552026,65.42559747554783
2017-09-27T06:59:59Z,86.0558379261115,64.73824406736634
2017-09-27T07:59:59Z,86.20950068767517,65.80739391335638
2017-09-27T08:59:59Z,85.16762761264357,64.3992954685723
2017-09-27T09:59:59Z,85.35607474364879,62.359022435773085
2017-09-27T10:59:59Z,86.0878665297917,64.19079258380874
2017-09-27T11:59:59Z,84.62946111973228,63.004445737035844
2017-09-27T12:59:59Z,84.33380703402031,62.62450704798458
2017-09-27T13:59:59Z,84.99862258370852,63.33060721903819
2017-09-27T14:59:59Z,84.70079656245078,64.08735060470086
2017-09-27T15:59:59Z,84.66324945006299,63.374605127089275
2017-09-27T16:59:59Z,84.64495690739847,62.492763741395976
2017-09-27T17:59:59Z,85.63724964609288,62.9036258483267
2017-09-27T18:59:59Z,85.16171089654877,62.761949039359465
2017-09-27T19:59:59Z,85.01711251167063,62.93938515128161
2017-09-27T20:59:59Z,85.20442542392217,63.2989713624142
2017-09-27T21:59:59Z,84.97247882984173,62.955127726055366
2017-09-27T22:59:59Z,84.9832474467887,63.53307233779198
2017-09-27T23:59:59Z,84.38931978256932,63.066137121497405
2017-09-28T00:59:59Z,84.18002825900754,60.712322944680245
2017-09-28T01:59:59Z,84.1862921654556,60.985500123801756
2017-09-28T02:59:59Z,85.05201781851332,63.453860668458525
2017-09-28T03:59:59Z,85.40243630386601,64.1824577489092
2017-09-28T04:59:59Z,84.80387547237028,61.6583389024985
2017-09-28T05:59:59Z,85.64053770542965,63.95650798377871
2017-09-28T06:59:59Z,85.49724052563734,65.44843446012082
2017-09-28T07:59:59Z,84.77682709554794,65.7706807108662
2017-09-28T08:59:59Z,84.59433618595047,65.65510441044583
2017-09-28T09:59:59Z,84.76202290803135,66.48402124921328
2017-09-28T10:59:59Z,84.11470615028965,65.21480289010829
2017-09-28T11:59:59Z,85.54051647294291,67.00374670975273
2017-09-28T12:59:59Z,85.92849262128182,67.59337212923258
2017-09-28T13:59:59Z,81.06769873577075,59.883713976951526
2017-09-28T14:59:59Z,85.57522354599625,67.40872968257581
2017-09-28T15:59:59Z,85.07882838846642,66.63385716459881
2017-09-28T16:59:59Z,84.18450647768879,64.77367933060174
2017-09-28T17:59:59Z,83.63951874940005,61.37209375706149
2017-09-28T18:59:59Z,84.43171179797774,64.1720753971087
2017-09-28T19:59:59Z,84.4736283816769,65.77148696945488
2017-09-28T20:59:59Z,83.85669230181182,66.24595904922904
2017-09-28T21:59:59Z,84.53105056558107,66.34364561946924
2017-09-28T22:59:59Z,84.08624080832091,65.8929513203996
2017-09-28T23:59:59Z,84.60576221192082,66.57012279100258
2017-09-29T00:59:59Z,84.09142457346455,66.7608822162743
2017-09-29T01:59:59Z,83.63788254773003,65.92019087656105
2017-09-29T02:59:59Z,84.30899718562465,66.35467744106597
2017-09-29T03:59:59Z,83.72930154808436,66.78445842701038
2017-09-29T04:59:59Z,82.94884028871174,66.41972080789247
2017-09-29T05:59:59Z,84.26258027197325,67.110829196727
2017-09-29T06:59:59Z,85.48016394105765,68.7105701340211
2017-09-29T07:59:59Z,84.00885106443575,67.29386020611581
2017-09-29T08:59:59Z,85.35346225219139,68.52095333502481
2017-09-29T09:59:59Z,78.12736527790568,61.19081601222776
2017-09-29T10:59:59Z,81.55735756523465,65.64498178888363
2017-09-29T11:59:59Z,85.61880848325598,72.12172519700124
2017-09-29T12:59:59Z,83.04435482614761,68.22682864458626
2017-09-29T13:59:59Z,86.4769317569561,72.01200861200398
2017-09-29T14:59:59Z,87.01744598252628,72.15652207482005
2017-09-29T15:59:59Z,86.82197445870469,70.5728381693794
2017-09-29T16:59:59Z,86.56166480394933,71.229356950927
2017-09-29T17:59:59Z,87.2858078001866,72.36444098482704
2017-09-29T18:59:59Z,86.95021694401264,71.9007655793796
2017-09-29T19:59:59Z,86.55398552819442,70.56840943023805
2017-09-29T20:59:59Z,88.46057363622795,73.73993198717996
2017-09-29T21:59:59Z,88.69402363042475,74.11953112802014
2017-09-29T22:59:59Z,88.70246075299644,73.28884363358002
2017-09-29T23:59:59Z,87.80692277166604,71.64089810019829
2017-09-30T00:59:59Z,87.70490852953522,70.74854745264011
2017-09-30T01:59:59Z,85.90751807812693,68.52747103353174
2017-09-30T02:59:59Z,86.79245040054316,69.24888175839612
2017-09-30T03:59:59Z,88.65965109666212,73.39560683676737
2017-09-30T04:59:59Z,87.43979278939787,71.49251227947529
2017-09-30T05:59:59Z,87.42766606301241,72.15175503929457
2017-09-30T06:59:59Z,86.56748887779833,69.57478955641666
2017-09-30T07:59:59Z,86.4997598089529,69.49978416771685
2017-09-30T08:59:59Z,88.09528783931212,72.03296379545026
2017-09-30T09:59:59Z,85.48636485007125,67.36978768662729
2017-09-30T10:59:59Z,84.1105247963963,66.16080381079642
2017-09-30T11:59:59Z,84.02227671716855,67.26064666796972
2017-09-30T12:59:59Z,86.96398634196275,70.80757835606616
2017-09-30T13:59:59Z,86.00931169074691,69.99020855814616
2017-09-30T14:59:59Z,86.87953601761872,69.88339063943052
2017-09-30T15:59:59Z,85.6566287029652,68.0511539253194
2017-09-30T16:59:59Z,83.70397722562403,64.66886559085965
2017-09-30T17:59:59Z,84.67808501503151,67.8330754624402
2017-09-30T18:59:59Z,86.90515904447587,72.10953141157452
2017-09-30T19:59:59Z,86.15855728812114,69.26481350959043
2017-09-30T20:59:59Z,85.05585464681704,67.7428675628109
2017-09-30T21:59:59Z,84.9248426858763,67.77912346642933
2017-09-30T22:59:59Z,84.60783602261735,68.4637306066325
2017-09-30T23:59:59Z,85.79839815373772,69.49962203534798
2017-10-01T00:59:59Z,86.27856941622406,70.47171054462868
2017-10-01T01:59:59Z,84.80349857572152,69.53501308874513
2017-10-01T02:59:59Z,83.25692456918883,66.7406208418266
2017-10-01T03:59:59Z,83.90440941716516,66.65747799940385
2017-10-01T04:59:59Z,83.22567011798118,66.5368009287613
2017-10-01T05:59:59Z,83.62769354117854,66.78310891342534
2017-10-01T06:59:59Z,83.60191047983615,67.09114155057125
2017-10-01T07:59:59Z,83.95576072657533,67.24794982271952
2017-10-01T08:59:59Z,83.45544825529451,67.23457513581523
2017-10-01T09:59:59Z,84.36361638560128,69.13018879232959
2017-10-01T10:59:59Z,84.35412672392734,68.75656817992945
2017-10-01T11:59:59Z,84.53947016446249,69.22739998692347
2017-10-01T12:59:59Z,83.41963691535355,68.79313236845739
2017-10-01T13:59:59Z,84.52143579149411,67.2379627809851
2017-10-01T14:59:59Z,83.54189297178884,68.18608773484942
2017-10-01T15:59:59Z,84.05000633076084,68.41643571690899
2017-10-01T16:59:59Z,83.76531148359742,68.15747682594929
2017-10-01T17:59:59Z,82.30319063478977,64.80570948909674
2017-10-01T18:59:59Z,82.4974329784684,64.48105393642963
2017-10-01T19:59:59Z,84.18784715655615,67.85695716468854
2017-10-01T20:59:59Z,85.40314121221083,71.28080771495434
2017-10-01T21:59:59Z,86.0246257606529,71.01692002102436
2017-10-01T22:59:59Z,85.00652464113345,68.44411799699705
2017-10-01T23:59:59Z,85.79225828437399,69.75068011816887
2017-10-02T00:59:59Z,85.5963337398202,69.81379537780002
2017-10-02T01:59:59Z,83.86314233610848,67.1498097480843
2017-10-02T02:59:59Z,84.49552804531069,67.61441559130907
2017-10-02T03:59:59Z,85.35288349065657,69.95374162168476
2017-10-02T04:59:59Z,85.0948625044255,68.60877776590002
2017-10-02T05:59:59Z,83.65255621087884,65.58305844466719
2017-10-02T06:59:59Z,82.84855932007997,65.69303118657577
2017-10-02T07:59:59Z,83.88248695141391,66.41143433993791
2017-10-02T08:59:59Z,84.20760898323589,68.15588101473342
2017-10-02T09:59:59Z,83.8416158351656,67.6653682884733
2017-10-02T10:59:59Z,83.54944962079013,67.50414994369042
2017-10-02T11:59:59Z,83.39155232754686,67.41842506250173
2017-10-02T12:59:59Z,80.40856360366479,60.75398435473713
2017-10-02T13:59:59Z,80.03984929111061,60.97454392618194
2017-10-02T14:59:59Z,84.51605234077915,70.17571337683916
2017-10-02T15:59:59Z,84.21320673852819,69.17621182523288
2017-10-02T16:59:59Z,86.04211547084712,69.66972924110699
2017-10-02T17:59:59Z,83.65317291696515,67.3387349989186
2017-10-02T18:59:59Z,84.37389310586913,68.47439640333907
2017-10-02T19:59:59Z,85.02463036568851,69.57177368591987
2017-10-02T20:59:59Z,84.41732994088868,68.35032738169816
2017-10-02T21:59:59Z,84.13605114027668,67.92698617687502
2017-10-02T22:59:59Z,84.38381744912103,68.1310627071282
2017-10-02T23:59:59Z,84.86381649034054,68.2448863920307
2017-10-03T00:59:59Z,83.88651053881449,67.49726315609138
2017-10-03T01:59:59Z,84.4037151093192,67.33708235009135
2017-10-03T02:59:59Z,85.0180664606538,68.26583347198745
2017-10-03T03:59:59Z,84.98520734362971,68.16090513933287
2017-10-03T04:59:59Z,84.21486802894093,66.99817757568513
2017-10-03T05:59:59Z,84.33916320145012,68.698412723089
2017-10-03T06:59:59Z,83.87652412073092,67.67302199240854
2017-10-03T07:59:59Z,83.66388890490997,66.26271837737241
2017-10-03T08:59:59Z,84.3887212007355,69.47686141368008
2017-10-03T09:59:59Z,84.4746718857951,69.90974711816507
2017-10-03T10:59:59Z,84.18527824502924,70.05833669986261
2017-10-03T11:59:59Z,84.26798347996149,68.81282864147444
2017-10-03T12:59:59Z,83.8546576898943,66.98857610223547
2017-10-03T13:59:59Z,84.50959713754071,69.02100061091238
2017-10-03T14:59:59Z,84.2015848893917,68.28442605273418
2017-10-03T15:59:59Z,84.46999516906352,68.78082023191999
2017-10-03T16:59:59Z,84.56619911563132,69.20838514477312
2017-10-03T17:59:59Z,84.80223210137783,67.8381346984651
2017-10-03T18:59:59Z,84.88991849298309,68.02281461196613
2017-10-03T19:59:59Z,85.03582220812304,68.07742812159319
2017-10-03T20:59:59Z,84.4398070903233,66.66327330897622
2017-10-03T21:59:59Z,85.39155835305087,68.61317341095744
2017-10-03T22:59:59Z,85.52129662224422,68.76026704560805
2017-10-03T23:59:59Z,85.1798371876654,66.88828105751662
2017-10-04T00:59:59Z,85.0961834350487,68.21148212212438
2017-10-04T01:59:59Z,84.82185261659434,68.38853698309453
2017-10-04T02:59:59Z,85.07614083493173,68.28440734501523
2017-10-04T03:59:59Z,85.29288296968464,67.75567708659904
2017-10-04T04:59:59Z,85.29974423002247,68.97548050149229
2017-10-04T05:59:59Z,85.34398858221319,70.26944996842441
2017-10-04T06:59:59Z,84.94753154174752,69.62684487669681
2017-10-04T07:59:59Z,84.78130469927011,68.46523839081699
2017-10-04T08:59:59Z,84.6977044823954,69.08216050430717
2017-10-04T09:59:59Z,83.9900583639422,65.19289803577786
2017-10-04T10:59:59Z,83.84950923448861,66.06813176013628
2017-10-04T11:59:59Z,86.21494487475013,71.07591974985984
2017-10-04T12:59:59Z,85.78895761879177,70.05009577156304
2017-10-04T13:59:59Z,85.60051020451972,68.60983324836313
2017-10-04T14:59:59Z,85.36426177618928,67.57612267581229
2017-10-04T15:59:59Z,86.03028237340898,68.23167815281593
2017-10-04T16:59:59Z,85.08218165793541,67.2564321410263
2017-10-04T17:59:59Z,86.23858308044065,68.41019068020259
2017-10-04T18:59:59Z,85.86414711998889,69.08372228267358
2017-10-04T19:59:59Z,85.87231581271294,69.34799278907472
2017-10-04T20:59:59Z,87.0228458053932,70.03573555308158
2017-10-04T21:59:59Z,85.4968203158437,68.29913873001918
2017-10-04T22:59:59Z,86.2856949324975,69.31925521357113
2017-10-04T23:59:59Z,86.15811405101306,69.66842135694469
2017-10-05T00:59:59Z,86.04578838542245,68.37835234413552
2017-10-05T01:59:59Z,85.28042601165247,66.6500793490209
2017-10-05T02:59:59Z,84.55933464027925,66.39775616004164
2017-10-05T03:59:59Z,82.72708173734537,62.62705574970273
2017-10-05T04:59:59Z,84.68997141806113,67.47388597508683
2017-10-05T05:59:59Z,85.03240900991354,68.58879169265703
2017-10-05T06:59:59Z,83.31200013479558,65.30245157656094
2017-10-05T07:59:59Z,82.37629785609757,65.17051169149822
2017-10-05T08:59:59Z,83.20609191334798,66.1291910941951
2017-10-05T09:59:59Z,81.84280410425004,60.74271821015563
2017-10-05T10:59:59Z,84.71568207005427,67.76786181094246
2017-10-05T11:59:59Z,86.00025664574086,69.30255176092543
2017-10-05T12:59:59Z,86.05548079969162,69.82490976889954
2017-10-05T13:59:59Z,86.41181182500145,68.92011415158467
2017-10-05T14:59:59Z,86.20381958701773,66.14083926985835
2017-10-05T15:59:59Z,86.45645978095816,65.91219171862949
2017-10-05T16:59:59Z,85.95580106227493,66.99805497534598
2017-10-05T17:59:59Z,85.53440785892398,65.3652275927839
2017-10-05T18:59:59Z,86.13534393081567,67.29593434878468
2017-10-05T19:59:59Z,87.40366717793319,68.87610710658277
2017-10-05T20:59:59Z,87.07422881334556,68.12410156158472
2017-10-05T21:59:59Z,86.35034445401762,66.79552166237937
2017-10-05T22:59:59Z,85.82839799987214,64.56083870353474
2017-10-05T23:59:59Z,86.08385008676282,65.15990026238332
2017-10-06T00:59:59Z,86.39001404746425,67.21321902089339
2017-10-06T01:59:59Z,85.66825479982101,65.98009205200762
2017-10-06T02:59:59Z,86.03720388637915,68.0529450769726
2017-10-06T03:59:59Z,86.055785578861,68.59441037392776
2017-10-06T04:59:59Z,84.8894400249364,63.951702950914196
2017-10-06T05:59:59Z,84.83111320480712,63.54427232109928
2017-10-06T06:59:59Z,84.59733734341006,64.88087920737814
2017-10-06T07:59:59Z,85.0580702141794,67.22298410054675
2017-10-06T08:59:59Z,85.83325681616486,69.04213452097397
2017-10-06T09:59:59Z,84.28646899687082,65.06041428257586
2017-10-06T10:59:59Z,81.21719939248325,60.65222110755084
2017-10-06T11:59:59Z,79.47934683101884,56.535880187400785
2017-10-06T12:59:59Z,79.8608943321327,57.2029370175559
2017-10-06T13:59:59Z,79.87186344606094,56.97402617783334
2017-10-06T14:59:59Z,79.48490506102316,56.98685847333897
2017-10-06T15:59:59Z,79.21241855479319,56.61233325792977
2017-10-06T16:59:59Z,78.81320399510655,56.001048857398416
2017-10-06T17:59:59Z,78.45215248621348,55.79227016567918
2017-10-06T18:59:59Z,78.22133320225635,56.04371043727967
2017-10-06T19:59:59Z,78.15190822921173,56.133947403000676
2017-10-06T20:59:59Z,78.07166055612379,56.24548126703332
2017-10-06T21:59:59Z,77.89371609230709,54.8739725447854
2017-10-06T22:59:59Z,78.98848181489238,58.21957384364435
2017-10-06T23:59:59Z,79.76536765205131,55.91851063357015
2017-10-07T00:59:59Z,76.59624487437915,51.78957767027816
2017-10-07T01:59:59Z,77.16790396883681,53.33671324631774
2017-10-07T02:59:59Z,77.2166419533289,54.56453242372231
2017-10-07T03:59:59Z,77.31002524409617,54.38740984040773
2017-10-07T04:59:59Z,79.65518396278986,57.91916726429276
2017-10-07T05:59:59Z,82.93754831407377,61.281224473829496
2017-10-07T06:59:59Z,83.3899098911533,62.65008539235865
2017-10-07T07:59:59Z,82.84760840162399,62.59168209204318
2017-10-07T08:59:59Z,82.37680060808832,61.18572797848199
2017-10-07T09:59:59Z,84.23303913680617,67.11742902133412
2017-10-07T10:59:59Z,85.01914863342277,67.41520351932418
2017-10-07T11:59:59Z,85.18220754437992,68.19081468400263
2017-10-07T12:59:59Z,84.53465816400355,67.45848055434001
2017-10-07T13:59:59Z,84.05968900927081,67.11307299209153
2017-10-07T14:59:59Z,85.3726259906785,67.95255258702535
2017-10-07T15:59:59Z,85.82671699897094,68.7153329764449
2017-10-07T16:59:59Z,86.01704946466634,68.32152662953496
2017-10-07T17:59:59Z,85.25473337315934,66.21549666002124
2017-10-07T18:59:59Z,86.12458040526856,66.79424038362755
2017-10-07T19:59:59Z,86.82402514361597,67.97046517926093
2017-10-07T20:59:59Z,88.13609487128588,69.3118517771075
2017-10-07T21:59:59Z,86.63276405288981,66.97853724689828
2017-10-07T22:59:59Z,86.08351797672451,62.50543766127589
2017-10-07T23:59:59Z,85.6544628008556,62.537971710316214
2017-10-08T00:59:59Z,85.28478094175858,62.080003728304746
2017-10-08T01:59:59Z,84.13958969773817,61.04848094378859
2017-10-08T02:59:59Z,83.44119631803753,60.42008922945277
2017-10-08T03:59:59Z,86.03479543668715,66.14903846920114
2017-10-08T04:59:59Z,86.16257970062338,67.44596049160516
2017-10-08T05:59:59Z,84.63180009207032,63.461225340150094
2017-10-08T06:59:59Z,84.26703968981275,63.35504424954873
2017-10-08T07:59:59Z,84.38324514684302,62.91090088472419
2017-10-08T08:59:59Z,84.71377291498189,63.91899493098291
2017-10-08T09:59:59Z,85.9109253958569,67.70753510575724
2017-10-08T10:59:59Z,85.43049039678431,66.87740150588904
2017-10-08T11:59:59Z,83.95535596940809,64.11403034114167
2017-10-08T12:59:59Z,84.29233599864436,62.46773488411049
2017-10-08T13:59:59Z,85.33804713520574,65.64328914741432
2017-10-08T14:59:59Z,86.48184082318419,69.51996594288738
2017-10-08T15:59:59Z,85.7457211280106,66.95783545973592
2017-10-08T16:59:59Z,84.77041929989822,67.84759607667596
2017-10-08T17:59:59Z,83.90691498662582,67.4718287317707
2017-10-08T18:59:59Z,79.23493507657021,60.24921582554722
2017-10-08T19:59:59Z,84.03194305539388,66.46265586357852
2017-10-08T20:59:59Z,84.44405050432744,66.49402062929875
2017-10-08T21:59:59Z,84.7441294779865,67.62162506177391
2017-10-08T22:59:59Z,83.5474983881711,66.76346233355474
2017-10-08T23:59:59Z,84.06060268400581,64.91620134527513
2017-10-09T00:59:59Z,83.65014613842503,65.66583467938287
2017-10-09T01:59:59Z,83.70838197616611,67.07970285829975
2017-10-09T02:59:59Z,84.79197683910598,68.30921103426414
2017-10-09T03:59:59Z,83.27831315870064,64.9882296633205
2017-10-09T04:59:59Z,82.06524228433761,61.23250707195
2017-10-09T05:59:59Z,82.71163820795218,63.58263227762711
2017-10-09T06:59:59Z,84.22556019947395,66.21867252085
2017-10-09T07:59:59Z,86.24972466596284,69.67648629364818
2017-10-09T08:59:59Z,85.79386988505824,69.42991639112257
2017-10-09T09:59:59Z,86.68174909828258,68.8248722070263
2017-10-09T10:59:59Z,86.63544364506505,68.52306733564915
2017-10-09T11:59:59Z,84.07103592445004,62.914459937089404
2017-10-09T12:59:59Z,85.04960306187154,63.72233131330207
2017-10-09T13:59:59Z,85.39778880214878,64.84964422868447
2017-10-09T14:59:59Z,85.13056884371127,66.19224486271631
2017-10-09T15:59:59Z,84.29825261692979,64.48466562083678
2017-10-09T16:59:59Z,86.25919407410716,67.039858332229
2017-10-09T17:59:59Z,85.92673299701782,68.00547379226238
2017-10-09T18:59:59Z,87.4859964392515,69.95724824662376
2017-10-09T19:59:59Z,86.48873081451376,69.03894279713684
2017-10-09T20:59:59Z,84.99298635355855,66.64889252822789
2017-10-09T21:59:59Z,84.07206224423076,64.66085114980773
2017-10-09T22:59:59Z,83.7131412906088,64.09032297810093
2017-10-09T23:59:59Z,84.60129112497735,66.09682130506242
2017-10-10T00:59:59Z,86.7850717007434,70.56785452313484
2017-10-10T01:59:59Z,86.60217323371795,70.21466801939415
2017-10-10T02:59:59Z,85.95320002526732,68.04224523152047
2017-10-10T03:59:59Z,85.1223321804854,64.86857788605933
2017-10-10T04:59:59Z,85.70254719293398,67.49989644061482
2017-10-10T05:59:59Z,87.93073961290149,70.67517916209403
2017-10-10T06:59:59Z,86.03701756467099,67.28499166553651
2017-10-10T07:59:59Z,85.18368044053778,66.7035394479201
2017-10-10T08:59:59Z,86.32433899206194,68.3882603627464
2017-10-10T09:59:59Z,87.20481556035661,67.89725098748555
2017-10-10T10:59:59Z,86.68098469133668,67.26350903921083
2017-10-10T11:59:59Z,87.30447789146082,65.62401876670584
2017-10-10T12:59:59Z,86.94963761720783,63.554746113079986
2017-10-10T13:59:59Z,86.91528031820049,64.72535658698547
2017-10-10T14:59:59Z,86.6481561004316,65.09817360514795
2017-10-10T15:59:59Z,88.16333797001023,67.26741275535893
2017-10-10T16:59:59Z,87.29780610151494,66.50347406760146
2017-10-10T17:59:59Z,86.8481286929259,65.08047930956587
2017-10-10T18:59:59Z,87.24357800243327,65.94147387688267
2017-10-10T19:59:59Z,86.55956780120523,65.39862940901081
2017-10-10T20:59:59Z,86.57526288604824,63.17476955046728
2017-10-10T21:59:59Z,87.03043755791077,66.13538079983203
2017-10-10T22:59:59Z,87.44085604346269,67.83800027730216
2017-10-10T23:59:59Z,86.5646236855918,66.78597930124414
2017-10-11T00:59:59Z,85.13134434793041,66.01100189761962
2017-10-11T01:59:59Z,84.91296234733908,66.34179739172093
2017-10-11T02:59:59Z,84.96299511119166,66.88870675499935
2017-10-11T03:59:59Z,86.18128747331347,69.42460553843924
2017-10-11T04:59:59Z,84.52997271144666,65.46287993196542
2017-10-11T05:59:59Z,84.5623241082369,65.17910468620477
2017-10-11T06:59:59Z,85.01876184810439,65.38896552152896
2017-10-11T07:59:59Z,86.10698092923802,67.02502650649535
2017-10-11T08:59:59Z,85.25814734922638,66.76295091213349
2017-10-11T09:59:59Z,85.58748262631116,67.44656472534979
2017-10-11T10:59:59Z,85.9463105389636,66.74117294733713
2017-10-11T11:59:59Z,85.4050060754189,66.16988983671027
2017-10-11T12:59:59Z,86.58417852147136,67.72710870909087
2017-10-11T13:59:59Z,86.1845592807133,67.21114872589166
2017-10-11T14:59:59Z,85.18496376530207,65.21792747348479
2017-10-11T15:59:59Z,85.52083641904987,65.55285266402811
2017-10-11T16:59:59Z,85.82290185744529,65.53783428844093
2017-10-11T17:59:59Z,86.05135340837164,67.05435290299012
2017-10-11T18:59:59Z,84.73766485136558,65.20009741239119
2017-10-11T19:59:59Z,85.92138640442853,66.33443864568648
2017-10-11T20:59:59Z,87.88987192510739,68.98425995066778
2017-10-11T21:59:59Z,87.27584141430522,68.81595575259315
2017-10-11T22:59:59Z,86.67222604843175,67.62961529766787
2017-10-11T23:59:59Z,87.5204583687702,69.0528661476252
2017-10-12T00:59:59Z,87.40061143103178,68.16982920544146
2017-10-12T01:59:59Z,87.36670676754215,68.15554827634422
2017-10-12T02:59:59Z,86.1674069410736,65.11230650154343
2017-10-12T03:59:59Z,86.4174374597922,64.68228577762758
2017-10-12T04:59:59Z,86.7750698936855,65.82997609589415
2017-10-12T05:59:59Z,86.93491863861034,65.98271391933953
2017-10-12T06:59:59Z,88.27234696131869,69.50719651179907
2017-10-12T07:59:59Z,87.34581081732142,67.3434502189767
2017-10-12T08:59:59Z,87.12833156640663,66.10863770996286
2017-10-12T09:59:59Z,87.72746765727926,67.66657935014425
2017-10-12T10:59:59Z,82.3355244442042,57.963813571528036
2017-10-12T11:59:59Z,81.33177114655355,56.6999738134723
2017-10-12T12:59:59Z,81.54012128371471,57.77831438946425
2017-10-12T13:59:59Z,81.47192887108257,56.66586082184644
2017-10-12T14:59:59Z,82.10573166221371,58.77312102012973
2017-10-12T15:59:59Z,83.97045905934512,60.406703808904645
2017-10-12T16:59:59Z,84.60022574012748,61.284168968101454
2017-10-12T17:59:59Z,79.39652119466274,55.83774970403299
2017-10-12T18:59:59Z,78.98948927470614,54.89242182923809
2017-10-12T19:59:59Z,80.07521008951251,56.33986742900602
2017-10-12T20:59:59Z,82.4423726815973,58.76704833412368
2017-10-12T21:59:59Z,83.77682303917145,59.62720555741848
2017-10-12T22:59:59Z,83.34266380469246,60.2339920859825
2017-10-12T23:59:59Z,83.45887618224258,62.869368842059394
2017-10-13T00:59:59Z,83.7971294317455,64.13941880034011
2017-10-13T01:59:59Z,84.61981012019066,65.53002808491205
2017-10-13T02:59:59Z,84.91398678898037,65.2280790883006
2017-10-13T03:59:59Z,84.69298866012369,65.72001549953187
2017-10-13T04:59:59Z,84.4414177873518,65.73483994001452
2017-10-13T05:59:59Z,84.73086062670838,66.86457067625093
2017-10-13T06:59:59Z,86.52234280456878,69.40190870528576
2017-10-13T07:59:59Z,85.0796768636308,67.19835439188851
2017-10-13T08:59:59Z,84.29577494451136,63.516910680115856
2017-10-13T09:59:59Z,84.97977129848977,63.23766451424146
2017-10-13T10:59:59Z,87.31479664371288,66.81692881499784
2017-10-13T11:59:59Z,86.33753505342229,68.0934620907264
2017-10-13T12:59:59Z,85.83477749251216,65.9712391066349
2017-10-13T13:59:59Z,84.71893704202121,64.32088351654313
2017-10-13T14:59:59Z,83.60848302109777,61.098961394517815
2017-10-13T15:59:59Z,84.09803688361154,61.737142999884014
2017-10-13T16:59:59Z,84.3486921899974,61.4419252402086
2017-10-13T17:59:59Z,85.99158373779561,66.18259669712664
2017-10-13T18:59:59Z,86.5724338088612,66.32763341806454
2017-10-13T19:59:59Z,84.78114247400764,61.97411149564542
2017-10-13T20:59:59Z,86.69411995217689,64.88853248038056
2017-10-13T21:59:59Z,86.14909192970767,64.13549478087597
2017-10-13T22:59:59Z,85.4812318659616,65.21690427207939
2017-10-13T23:59:59Z,86.62587986301598,68.01802153553224
2017-10-14T00:59:59Z,86.22658707071065,67.04026407983045
2017-10-14T01:59:59Z,85.16890290057044,65.93085918819767
2017-10-14T02:59:59Z,85.17246073562654,66.34907686942155
2017-10-14T03:59:59Z,81.06934421968126,61.237619190335664
2017-10-14T04:59:59Z,82.62712957938191,62.58336224393448
2017-10-14T05:59:59Z,79.08928865732142,59.73271504774953
2017-10-14T06:59:59Z,80.31451119108449,59.6024404669375
2017-10-14T07:59:59Z,81.62307769091991,62.44920790429064
2017-10-14T08:59:59Z,81.54727223183892,62.95879435031981
2017-10-14T09:59:59Z,82.41665618251717,63.93517742650542
2017-10-14T10:59:59Z,81.93068740863349,63.38290042581317
2017-10-14T11:59:59Z,84.34577977432419,68.79896578706034
2017-10-14T12:59:59Z,85.8727090594163,69.49365217179526
2017-10-14T13:59:59Z,85.47316544042826,66.73422753671063
2017-10-14T14:59:59Z,85.72015022737365,67.13749180104126
2017-10-14T15:59:59Z,86.46248279187982,68.33314477530638
2017-10-14T16:59:59Z,87.17554841272836,69.73565328528612
2017-10-14T17:59:59Z,87.5636454577105,69.85552033289616
2017-10-14T18:59:59Z,86.92693730145119,66.27216954491615
2017-10-14T19:59:59Z,87.52965157915804,67.19733903473765
2017-10-14T20:59:59Z,87.02505192042663,67.14856766932971
2017-10-14T21:59:59Z,86.29338031287303,64.2248554121282
2017-10-14T22:59:59Z,86.76506277944998,67.24614173110133
2017-10-14T23:59:59Z,87.43830261350665,67.62049108133854
2017-10-15T00:59:59Z,87.55764675311964,67.60369489906506
2017-10-15T01:59:59Z,86.82353112281378,65.82083927908403
2017-10-15T02:59:59Z,86.54864600283418,64.11819350878896
2017-10-15T03:59:59Z,86.8793616136722,64.7676337724676
2017-10-15T04:59:59Z,87.02582431941414,65.71600517135478
2017-10-15T05:59:59Z,86.96691016311333,65.61794158515987
2017-10-15T06:59:59Z,86.66364018604692,66.40425893458479
2017-10-15T07:59:59Z,86.8244223984071,66.35966776193169
2017-10-15T08:59:59Z,86.98549632011589,66.83992447104364
2017-10-15T09:59:59Z,87.14922983374622,64.44453163822078
2017-10-15T10:59:59Z,87.09538037609252,63.39718697360367
2017-10-15T11:59:59Z,86.05924221902114,64.41573834711659
2017-10-15T12:59:59Z,86.4203851094076,66.89861200765034
2017-10-15T13:59:59Z,86.24994200543422,66.9175228712277
2017-10-15T14:59:59Z,87.73104399108506,68.5714544689871
2017-10-15T15:59:59Z,87.99687471418031,67.94537601290142
2017-10-15T16:59:59Z,87.95943780821956,65.36110743743201
2017-10-15T17:59:59Z,87.81706178844723,66.38636742079049
2017-10-15T18:59:59Z,88.14222199567888,67.613367428887
2017-10-15T19:59:59Z,87.87006039911891,68.2959330021767
2017-10-15T20:59:59Z,87.5513872992193,67.63950473747136
2017-10-15T21:59:59Z,86.92198240112087,66.38261068284002
2017-10-15T22:59:59Z,86.57463110828765,66.01276081438073
2017-10-15T23:59:59Z,86.13337576963045,64.93560138851741
2017-10-16T00:59:59Z,86.59581580086812,65.85918362771775
2017-10-16T01:59:59Z,86.50487878386502,66.7968409814754
2017-10-16T02:59:59Z,86.7094284155648,66.94658847916895
2017-10-16T03:59:59Z,86.96560892559906,68.31113936068373
2017-10-16T04:59:59Z,86.21159444467162,66.60219850484629
2017-10-16T05:59:59Z,86.700813858326,65.57035972508321
2017-10-16T06:59:59Z,87.08298710370951,67.55435497247632
2017-10-16T07:59:59Z,87.35880217129731,68.11005969342322
2017-10-16T08:59:59Z,86.97766563023777,67.25238746389226
2017-10-16T09:59:59Z,87.2371284743762,66.71491390397438
2017-10-16T10:59:59Z,87.89729744343515,67.84829233279143
2017-10-16T11:59:59Z,86.8090095502384,66.2501285633248
2017-10-16T12:59:59Z,86.74784678907736,66.62259657862768
2017-10-16T13:59:59Z,84.40925337229208,63.50979437497967
2017-10-16T14:59:59Z,86.87755697532135,67.71575048890753
2017-10-16T15:59:59Z,85.52727909185539,66.71904964250616
2017-10-16T16:59:59Z,85.48158859133945,65.2315497727469
2017-10-16T17:59:59Z,86.84625235124645,67.53297899664518
2017-10-16T18:59:59Z,86.02995482300973,66.73134526286836
2017-10-16T19:59:59Z,87.69597777748454,70.22954976712832
2017-10-16T20:59:59Z,87.34444896114697,68.65830835027722
2017-10-16T21:59:59Z,86.91839242591692,68.45413071148184
2017-10-16T22:59:59Z,86.33121946893391,66.48762959387066
2017-10-16T23:59:59Z,85.74634397935522,65.23168572980381
2017-10-17T00:59:59Z,86.73299169038337,68.33364403062465
2017-10-17T01:59:59Z,85.19675089236762,65.77622492931862
2017-10-17T02:59:59Z,85.4560222331462,65.87672348321618
2017-10-17T03:59:59Z,84.83761276581409,65.02219626669954
2017-10-17T04:59:59Z,84.75687667795826,65.47766723857131
2017-10-17T05:59:59Z,84.49596648002064,64.39236664084518
2017-10-17T06:59:59Z,86.08057926980098,67.60039255236308
2017-10-17T07:59:59Z,86.83100947753435,69.4243272489219
2017-10-17T08:59:59Z,86.2635357378606,69.31260572148324
2017-10-17T09:59:59Z,86.75127991619343,70.17772912203664
2017-10-17T10:59:59Z,86.80068105110927,69.18224587720722
2017-10-17T11:59:59Z,86.57388450509443,67.14253191188061
2017-10-17T12:59:59Z,86.84809101980137,68.77393895880603
2017-10-17T13:59:59Z,85.9435513436415,67.39012111337259
2017-10-17T14:59:59Z,85.47829852752852,66.39066820107503
2017-10-17T15:59:59Z,84.96493478301137,65.07349123636993
2017-10-17T16:59:59Z,87.96969303425628,68.89344391484217
2017-10-17T17:59:59Z,80.92724346129607,56.82681241979174
2017-10-17T18:59:59Z,80.61420855142842,55.367613142154546
2017-10-17T19:59:59Z,81.07765833610743,55.696208714229144
2017-10-17T20:59:59Z,80.75509076963908,55.591358015282
2017-10-17T21:59:59Z,81.89481014900366,59.661580006879376
2017-10-17T22:59:59Z,83.50236707094184,59.83823099985141
2017-10-17T23:59:59Z,84.21425846240368,61.46062668405554
2017-10-18T00:59:59Z,85.90566781597356,65.21129831154657
2017-10-18T01:59:59Z,86.09462302639406,66.29398012080466
2017-10-18T02:59:59Z,85.35349789397794,64.54895360455937
2017-10-18T03:59:59Z,86.28728630040506,64.18451446408099
2017-10-18T04:59:59Z,88.22231479202527,67.8919095665206
2017-10-18T05:59:59Z,88.05717153512857,67.16493081762391
2017-10-18T06:59:59Z,87.96902493218647,65.17436373575977
2017-10-18T07:59:59Z,87.16021372907072,62.838392346225696
2017-10-18T08:59:59Z,83.45897035865259,60.28626714478375
2017-10-18T09:59:59Z,87.0412444235747,66.0708185524548
2017-10-18T10:59:59Z,87.64650670808055,67.65909743650597
2017-10-18T11:59:59Z,87.23609434842847,67.99899269886326
2017-10-18T12:59:59Z,86.91868359347738,66.96123257566104
2017-10-18T13:59:59Z,86.89621016118308,65.43472137375096
2017-10-18T14:59:59Z,87.5656784075229,69.05723954301172
2017-10-18T15:59:59Z,88.8198511348873,71.50669811541592
2017-10-18T16:59:59Z,88.90101436093386,71.20311969818661
2017-10-18T17:59:59Z,87.20753578103279,65.2296279388049
2017-10-18T18:59:59Z,87.70705008655152,64.56547165524198
2017-10-18T19:59:59Z,88.38257779654164,67.33333301002051
2017-10-18T20:59:59Z,89.52014424902374,69.73871064708798
2017-10-18T21:59:59Z,89.6148045584822,67.90122701034073
2017-10-18T22:59:59Z,89.5564189820855,71.69359088479534
2017-10-18T23:59:59Z,89.45661881752534,71.52002743426291
2017-10-19T00:59:59Z,89.25769619207576,71.28061045012247
2017-10-19T01:59:59Z,88.3876448490741,66.95659917560758
2017-10-19T02:59:59Z,88.23059929665021,66.5455733431657
2017-10-19T03:59:59Z,88.0344092675435,67.67328458420552
2017-10-19T04:59:59Z,88.74030954781524,70.29187683666316
2017-10-19T05:59:59Z,88.65032287529533,70.93502415947279
2017-10-19T06:59:59Z,88.61931330919407,70.43545888713089
2017-10-19T07:59:59Z,88.5267515612051,70.57432152981826
2017-10-19T08:59:59Z,89.73496252530731,72.55736995631668
2017-10-19T09:59:59Z,90.20039586197795,71.72592305324628
2017-10-19T10:59:59Z,90.47669428123523,72.00308505733351
2017-10-19T11:59:59Z,90.18770219490587,73.4081622378888
2017-10-19T12:59:59Z,89.50213998893418,72.72037872596883
2017-10-19T13:59:59Z,85.11333754409816,67.74535105531349
2017-10-19T14:59:59Z,83.25877678871649,65.27346012377193
2017-10-19T15:59:59Z,89.11166377147765,73.33188891624064
2017-10-19T16:59:59Z,87.84116046647291,69.81276094674888
2017-10-19T17:59:59Z,88.10492994841657,69.52739390846432
2017-10-19T18:59:59Z,88.23991053534748,70.22181853696996
2017-10-19T19:59:59Z,89.84351591273152,72.2184279296361
2017-10-19T20:59:59Z,89.59104247025199,72.84814959841395
2017-10-19T21:59:59Z,89.16780552518271,71.7397919307846
2017-10-19T22:59:59Z,88.5994654340612,71.38068979630552
2017-10-19T23:59:59Z,88.09868520428894,69.94684668185208
2017-10-20T00:59:59Z,87.01345662842671,69.23769721983793
2017-10-20T01:59:59Z,86.40537271720966,68.41165023889991
2017-10-20T02:59:59Z,87.34921719146358,69.70769366077191
2017-10-20T03:59:59Z,87.78630014830729,70.71803876758518
2017-10-20T04:59:59Z,87.69401205495797,70.2166547726596
2017-10-20T05:59:59Z,89.2488659375402,72.9568995208381
2017-10-20T06:59:59Z,89.56500772086464,74.36833969773926
2017-10-20T07:59:59Z,89.382402665951,73.26619563327088
2017-10-20T08:59:59Z,88.74475123185745,72.35964586329101
2017-10-20T09:59:59Z,87.39001135079604,70.39480702492996
2017-10-20T10:59:59Z,87.4167389793455,67.33077192396235
2017-10-20T11:59:59Z,88.28916462428636,67.25901957276245
2017-10-20T12:59:59Z,89.76875959455724,70.38614386294924
2017-10-20T13:59:59Z,90.36093358225214,72.89050339518887
2017-10-20T14:59:59Z,89.99503612630167,74.0372400777876
2017-10-20T15:59:59Z,88.41488757420439,70.91485496789409
2017-10-20T16:59:59Z,88.83212936357815,71.08207264342197
2017-10-20T17:59:59Z,88.07348262276412,71.47932841321455
2017-10-20T18:59:59Z,89.1361049206199,72.46549645286954
2017-10-20T19:59:59Z,89.11337460463153,72.1901655603386
2017-10-20T20:59:59Z,89.59142954964362,72.94393971066602
2017-10-20T21:59:59Z,89.20538157634955,71.38380291652221
2017-10-20T22:59:59Z,89.30914188717543,68.91415509959842
2017-10-20T23:59:59Z,89.62798070914232,69.65710663610982
2017-10-21T00:59:59Z,89.97477653037295,70.79649971687763
2017-10-21T01:59:59Z,90.25333714457815,72.05275184919464
2017-10-21T02:59:59Z,89.86092960368119,72.32668310241439
2017-10-21T03:59:59Z,89.63434002404999,71.65213818141018
2017-10-21T04:59:59Z,90.07012619583172,69.66796805377501
2017-10-21T05:59:59Z,90.20062434214485,69.17415059387983
2017-10-21T06:59:59Z,89.84057744629935,68.43475517848378
2017-10-21T07:59:59Z,90.04849010712405,70.75415385475505
2017-10-21T08:59:59Z,89.96325233565192,71.7976256717352
2017-10-21T09:59:59Z,89.81735577454747,69.50082274274473
2017-10-21T10:59:59Z,89.91160703428493,70.30937641599904
2017-10-21T11:59:59Z,89.74861206465295,70.97317225974845
2017-10-21T12:59:59Z,85.64035114809963,66.95445133742108
2017-10-21T13:59:59Z,86.66573327673392,67.17976034576225
2017-10-21T14:59:59Z,87.01446016227818,66.27811739182917
2017-10-21T15:59:59Z,85.24177590999159,65.16648678990063
2017-10-21T16:59:59Z,86.1266868616055,68.12142475601192
2017-10-21T17:59:59Z,87.31344024184538,67.17721497440758
2017-10-21T18:59:59Z,87.86583526334591,68.23069848759654
2017-10-21T19:59:59Z,89.19399754772263,71.44321787996563
2017-10-21T20:59:59Z,89.9921628370585,70.90990116552673
2017-10-21T21:59:59Z,89.8397501386519,69.0252970231239
2017-10-21T22:59:59Z,89.41169745256072,68.02458813623353
2017-10-21T23:59:59Z,88.41041263729659,67.36004032875661
2017-10-22T00:59:59Z,88.67321734941852,67.4105335750681
2017-10-22T01:59:59Z,89.4957147371157,69.26236713942689
2017-10-22T02:59:59Z,90.360652325361,71.73024059567906
2017-10-22T03:59:59Z,90.61649778409435,73.9269383885109
2017-10-22T04:59:59Z,90.32386618664928,73.15710908921511
2017-10-22T05:59:59Z,91.10690612070805,69.27859219560186
2017-10-22T06:59:59Z,91.23622442097228,71.99283360084043
2017-10-22T07:59:59Z,91.39993344102618,72.28464192933444
2017-10-22T08:59:59Z,91.14094386208455,72.60678316729954
2017-10-22T09:59:59Z,87.4995719306529,66.9844117240114
2017-10-22T10:59:59Z,91.29020449546232,72.68866313116155
2017-10-22T11:59:59Z,92.05922011487296,74.85840892943928
2017-10-22T12:59:59Z,91.80541081243969,75.01981955893255
2017-10-22T13:59:59Z,91.10052496541869,71.94999817489014
2017-10-22T14:59:59Z,91.34815323039236,73.11214823648737
2017-10-22T15:59:59Z,91.00877220900196,72.20347553218157
2017-10-22T16:59:59Z,91.17086628844794,73.69098530631616
2017-10-22T17:59:59Z,91.75337659287861,74.25804603970768
2017-10-22T18:59:59Z,87.48373269491144,69.0088794633614
2017-10-22T19:59:59Z,89.86971560644257,74.47474701509007
2017-10-22T20:59:59Z,91.36382296395969,76.21806286510335
2017-10-22T21:59:59Z,90.83437376150614,73.66691147864823
2017-10-22T22:59:59Z,89.52425668995136,71.43805337389117
2017-10-22T23:59:59Z,89.67194862527795,72.29824378215696
2017-10-23T00:59:59Z,85.13760404830572,65.69099238030013
2017-10-23T01:59:59Z,90.12980281961684,73.74806971218533
2017-10-23T02:59:59Z,89.79742490243684,72.26046334930763
2017-10-23T03:59:59Z,90.0480166360151,73.46919081726763
2017-10-23T04:59:59Z,89.30364373655294,73.59080619835748
2017-10-23T05:59:59Z,88.71111061069935,71.72912340501719
2017-10-23T06:59:59Z,89.23167533988065,73.28940796858836
2017-10-23T07:59:59Z,89.40733759502261,75.88890622330872
2017-10-23T08:59:59Z,90.0888771973528,76.30548596672621
2017-10-23T09:59:59Z,88.8658638053165,72.40031815846089
2017-10-23T10:59:59Z,89.24994855828845,69.02392346368953
2017-10-23T11:59:59Z,89.54145297077984,71.86367764408908
2017-10-23T12:59:59Z,89.83543948542281,72.76226297270252
2017-10-23T13:59:59Z,89.80759876025098,70.54339647219277
2017-10-23T14:59:59Z,90.16465796458908,71.1420557766811
2017-10-23T15:59:59Z,90.10231858327643,72.9253993557634
2017-10-23T16:59:59Z,90.73605794346814,75.62776512039176
2017-10-23T17:59:59Z,90.50141956106943,75.3468837544313
2017-10-23T18:59:59Z,90.00596687739544,75.51594851566404
2017-10-23T19:59:59Z,89.22487939497277,73.26223629255743
2017-10-23T20:59:59Z,90.22090818688399,74.88309564619296
2017-10-23T21:59:59Z,90.30400592770134,72.69269968436647
2017-10-23T22:59:59Z,90.8042217430946,75.3887331367212
2017-10-23T23:59:59Z,90.48832745489074,74.49106032848974
2017-10-24T00:59:59Z,90.39696961664549,74.64561189948637
2017-10-24T01:59:59Z,90.24972412523914,73.83782187578646
2017-10-24T02:59:59Z,90.19053735249265,73.67724634609527
2017-10-24T03:59:59Z,90.35352074430467,73.85398102702948
2017-10-24T04:59:59Z,90.30431872019444,74.24987552526028
2017-10-24T05:59:59Z,89.93264324927459,74.54343396402894
2017-10-24T06:59:59Z,89.28596364102043,73.08635964872173
2017-10-24T07:59:59Z,89.68313572468342,73.94359739333186
2017-10-24T08:59:59Z,90.73592593909984,77.45311599128068
2017-10-24T09:59:59Z,90.61122601433112,77.44309646421996
2017-10-24T10:59:59Z,90.410952270547,76.67397797805356
2017-10-24T11:59:59Z,90.06804610532333,74.30710222171054
2017-10-24T12:59:59Z,90.03750169018444,74.58055085953517
2017-10-24T13:59:59Z,89.83202423560743,74.80713300960014
2017-10-24T14:59:59Z,90.1607616370231,74.72335436549103
2017-10-24T15:59:59Z,89.99213793103489,72.46664531866513
2017-10-24T16:59:59Z,90.12670315636883,72.5296771657035
2017-10-24T17:59:59Z,90.07870621280695,72.80799965495235
2017-10-24T18:59:59Z,88.43983007258146,69.6572813206409
2017-10-24T19:59:59Z,88.3578868804439,69.23313816020571
2017-10-24T20:59:59Z,88.72536028041237,67.57098624230342
2017-10-24T21:59:59Z,89.32929583059712,70.4373176264315
2017-10-24T22:59:59Z,88.53191226601886,69.19648126467214
2017-10-24T23:59:59Z,88.39688920663912,69.16979109178388
2017-10-25T00:59:59Z,88.78503395219276,70.74834926385726
2017-10-25T01:59:59Z,89.32022121825452,69.1763586442223
2017-10-25T02:59:59Z,90.68585238789069,72.29326449895993
2017-10-25T03:59:59Z,90.95902419022235,74.56286385548044
2017-10-25T04:59:59Z,90.72782992673211,73.91902629083333
2017-10-25T05:59:59Z,90.58669652141107,74.22325444033035
2017-10-25T06:59:59Z,90.6561584592668,73.82811323130744
2017-10-25T07:59:59Z,89.74948382757005,73.00710426251315
2017-10-25T08:59:59Z,90.04823163714764,72.62293274210766
2017-10-25T09:59:59Z,90.46051822069485,72.28137365330517
2017-10-25T10:59:59Z,90.85926306742424,73.50940644424338
2017-10-25T11:59:59Z,91.28089693294991,74.3770821505487
2017-10-25T12:59:59Z,90.82963834817637,72.50655804817104
2017-10-25T13:59:59Z,90.68567503800382,71.54502737966706
2017-10-25T14:59:59Z,86.5841960664547,65.68816649861668
2017-10-25T15:59:59Z,84.64478737196657,61.703862189144516
2017-10-25T16:59:59Z,87.67469464517451,65.48441155999261
2017-10-25T17:59:59Z,88.2527172237136,66.28709435169816
2017-10-25T18:59:59Z,89.37333449962277,69.04051400240807
2017-10-25T19:59:59Z,89.69740027721481,69.84084019137966
2017-10-25T20:59:59Z,87.53651324303242,66.72957609813096
2017-10-25T21:59:59Z,89.26835003074655,67.18944316789096
2017-10-25T22:59:59Z,88.96575205045623,67.38524366803674
2017-10-25T23:59:59Z,89.61429746434976,69.02685005771956
2017-10-26T00:59:59Z,90.18724468117453,72.67079328852466
2017-10-26T01:59:59Z,89.54298824404914,70.26852791084428
2017-10-26T02:59:59Z,88.75459821090999,66.31027516119404
2017-10-26T03:59:59Z,88.82148540237536,67.48495382743819
2017-10-26T04:59:59Z,89.31477878362166,71.06895013768562
2017-10-26T05:59:59Z,89.62802459296188,71.95691024676216
2017-10-26T06:59:59Z,89.72359541713803,72.16439499807363
2017-10-26T07:59:59Z,89.9117257520527,73.401985973405
2017-10-26T08:59:59Z,88.89074508199097,71.55585195810522
2017-10-26T09:59:59Z,88.34766458254676,70.14237915572896
2017-10-26T10:59:59Z,88.7407076941322,71.42578098648042
2017-10-26T11:59:59Z,89.61179928314186,74.21018099170685
2017-10-26T12:59:59Z,88.94864680035289,71.95412002461396
2017-10-26T13:59:59Z,88.81440655373034,71.42315908164132
2017-10-26T14:59:59Z,88.89298935809195,72.67456500604126
2017-10-26T15:59:59Z,88.62015440848745,73.4579843253778
2017-10-26T16:59:59Z,88.5946561609557,73.43379130707885
2017-10-26T17:59:59Z,88.36186568562137,72.48467328220245
2017-10-26T18:59:59Z,88.15325150869717,72.94717761728977
2017-10-26T19:59:59Z,88.15588173626361,72.85251985233592
2017-10-26T20:59:59Z,87.8714543564163,72.01255092442969
2017-10-26T21:59:59Z,87.65438622918454,70.3408010442119
2017-10-26T22:59:59Z,88.00136963978387,71.48523351190171
2017-10-26T23:59:59Z,88.05596224792521,72.48747292893209
2017-10-27T00:59:59Z,89.16689407846968,75.03404363423624
2017-10-27T01:59:59Z,88.46155738237701,73.99877379721086
2017-10-27T02:59:59Z,88.39247481884097,74.79714289916488
2017-10-27T03:59:59Z,88.13813301050163,73.76784596990426
2017-10-27T04:59:59Z,88.08991195836556,73.72137473495941
2017-10-27T05:59:59Z,88.05506579537179,73.72842572712457
2017-10-27T06:59:59Z,87.74433257169756,73.16450099632169
2017-10-27T07:59:59Z,87.78827407141178,71.95980314408895
2017-10-27T08:59:59Z,88.07390135750177,74.04642992940853
2017-10-27T09:59:59Z,88.58444093540186,74.71979245189009
2017-10-27T10:59:59Z,87.84528283867235,73.66831821891657
2017-10-27T11:59:59Z,89.76353029510769,73.81479307743027
2017-10-27T12:59:59Z,89.56549648176893,71.25051903112701
2017-10-27T13:59:59Z,89.57188371515356,69.14784108625335
2017-10-27T14:59:59Z,90.04815387044806,69.55023284824304
2017-10-27T15:59:59Z,90.24304960623276,71.21372411699718
2017-10-27T16:59:59Z,89.86472950549775,70.10606896664524
2017-10-27T17:59:59Z,89.62044276458715,71.65387712970791
2017-10-27T18:59:59Z,89.84658324523899,71.87013197794136
2017-10-27T19:59:59Z,89.7947511945099,71.61768956582506
2017-10-27T20:59:59Z,89.40061834976264,70.3147456534291
2017-10-27T21:59:59Z,90.34574587817865,72.38474009549905
2017-10-27T22:59:59Z,90.20590659675855,72.05404656982063
2017-10-27T23:59:59Z,90.06585008793888,72.60752532031609
2017-10-28T00:59:59Z,90.49397893077008,72.85828906761529
2017-10-28T01:59:59Z,90.63554245678938,72.84773053804712
2017-10-28T02:59:59Z,90.55811222089308,73.00352865011429
2017-10-28T03:59:59Z,90.28367373295323,73.59436265087318
2017-10-28T04:59:59Z,90.80083951791566,74.31255855608785
2017-10-28T05:59:59Z,90.30204053082787,73.63224207633053
2017-10-28T06:59:59Z,89.93052499466256,72.93088312938386
2017-10-28T07:59:59Z,89.79063066290512,72.84837861063376
2017-10-28T08:59:59Z,89.70285733029515,73.05320624081638
2017-10-28T09:59:59Z,90.09234689312285,73.77574935056658
2017-10-28T10:59:59Z,90.4846259876302,71.83115357432732
2017-10-28T11:59:59Z,90.5515969573488,73.49773456000116
2017-10-28T12:59:59Z,89.69370351126425,71.38949457260732
2017-10-28T13:59:59Z,88.46996123293275,66.78212579711999
2017-10-28T14:59:59Z,88.73237818121027,69.14508934292624
2017-10-28T15:59:59Z,87.97083091843167,67.86559722168772
2017-10-28T16:59:59Z,87.72966101141749,66.02718209791388
2017-10-28T17:59:59Z,86.83392788794767,65.27437225973766
2017-10-28T18:59:59Z,87.5997350714282,66.27024765275185
2017-10-28T19:59:59Z,88.48742093512415,70.04823618407221
2017-10-28T20:59:59Z,88.66325480761101,69.6374939539183
2017-10-28T21:59:59Z,88.20257537068449,68.90272958950635
2017-10-28T22:59:59Z,87.81427242004959,68.79115272104032
2017-10-28T23:59:59Z,88.46575750101827,69.00902720434725
2017-10-29T00:59:59Z,87.84031947821167,68.04448454200616
2017-10-29T01:59:59Z,86.92832666542252,68.1578719949617
2017-10-29T02:59:59Z,87.05519099880475,68.67974061754872
2017-10-29T03:59:59Z,87.93996301955048,69.54835544012793
2017-10-29T04:59:59Z,89.57223560717573,69.98172613581576
2017-10-29T05:59:59Z,90.50843176168239,73.84540041485172
2017-10-29T06:59:59Z,89.96527171507391,73.22186306637967
2017-10-29T07:59:59Z,88.38100446480667,70.92733864679003
2017-10-29T08:59:59Z,89.63564977891839,73.2287309416368
2017-10-29T09:59:59Z,91.01652959631285,76.1962118480638
2017-10-29T10:59:59Z,90.45668545885358,75.32031061313434
2017-10-29T11:59:59Z,89.25037518960913,68.87678348868549
2017-10-29T12:59:59Z,88.1843558946481,67.30768504552329
2017-10-29T13:59:59Z,89.44293417108298,70.68008073203617
2017-10-29T14:59:59Z,90.63623729750832,74.65173580053887
2017-10-29T15:59:59Z,89.8437030763068,74.04140024493567
2017-10-29T16:59:59Z,89.72105338693699,73.05249713872387
2017-10-29T17:59:59Z,88.9353031244594,72.39156156693319
2017-10-29T18:59:59Z,88.83759770682144,70.63938684456566
2017-10-29T19:59:59Z,89.22627742893901,72.82433153354177
2017-10-29T20:59:59Z,90.7922575863984,74.45673802995864
2017-10-29T21:59:59Z,91.24457991552713,75.64675521561755
2017-10-29T22:59:59Z,91.4027214597052,74.99667210910454
2017-10-29T23:59:59Z,90.71203644696209,71.26176460730261
2017-10-30T00:59:59Z,90.03415268270815,72.30504798994627
2017-10-30T01:59:59Z,90.03875701779513,71.48799278048287
2017-10-30T02:59:59Z,90.82199079735365,72.6663286565169
2017-10-30T03:59:59Z,91.86365196259312,75.19081973759104
2017-10-30T04:59:59Z,91.20686485431501,72.64759629054994
2017-10-30T05:59:59Z,89.5947817509094,67.9083758537358
2017-10-30T06:59:59Z,88.92722878934808,68.22332212632439
2017-10-30T07:59:59Z,89.585182909415,67.7469474981861
2017-10-30T08:59:59Z,90.9381762545515,70.48014213298055
2017-10-30T09:59:59Z,90.67943496438147,71.71665637688464
2017-10-30T10:59:59Z,90.61198416508637,73.09776270009576
2017-10-30T11:59:59Z,89.35391117111034,67.64564782970582
2017-10-30T12:59:59Z,89.68331671907737,70.46898683492797
2017-10-30T13:59:59Z,90.79970976968302,72.01915824512648
2017-10-30T14:59:59Z,91.22443384215948,73.6194771806726
2017-10-30T15:59:59Z,89.41201173895517,70.55574092089508
2017-10-30T16:59:59Z,89.99937895219932,69.15676731868828
2017-10-30T17:59:59Z,91.32760121511984,74.6155184186484
2017-10-30T18:59:59Z,90.85471928926529,73.61314451307514
2017-10-30T19:59:59Z,90.14779126818551,72.58655461844732
2017-10-30T20:59:59Z,91.2034896567639,74.64591316488786
2017-10-30T21:59:59Z,91.31271978444228,75.71925907417189
2017-10-30T22:59:59Z,90.65600471331959,73.45352146011012
2017-10-30T23:59:59Z,90.9247401243171,73.89564999094972
2017-10-31T00:59:59Z,90.01042961373044,71.47315713653273
2017-10-31T01:59:59Z,89.60467189368148,69.19004520285218
2017-10-31T02:59:59Z,90.37599189696853,71.09648668377743
2017-10-31T03:59:59Z,90.71549716904202,72.95612283673556
2017-10-31T04:59:59Z,90.93869429924986,71.04632747355144
2017-10-31T05:59:59Z,90.39533170199456,69.81748288092754
2017-10-31T06:59:59Z,89.10255597558121,69.83062499254746
2017-10-31T07:59:59Z,89.54936977171928,71.10800910110609
2017-10-31T08:59:59Z,90.23472955934818,73.27817711263815
2017-10-31T09:59:59Z,90.1403043427922,73.45608395870408
2017-10-31T10:59:59Z,90.05751686072897,73.80557165138075
2017-10-31T11:59:59Z,90.28237499477426,74.26422210551391
2017-10-31T12:59:59Z,90.24980408789088,74.0627353560065
2017-10-31T13:59:59Z,89.28985876713516,70.15344427816498
2017-10-31T14:59:59Z,89.65652076053034,73.35528163665609
2017-10-31T15:59:59Z,89.79253459684791,74.02491112440829
2017-10-31T16:59:59Z,89.37603615286565,74.04551926507607
2017-10-31T17:59:59Z,89.46465342688698,74.45800482552514
2017-10-31T18:59:59Z,89.2429913864947,74.21202718668127
2017-10-31T19:59:59Z,89.48296319806309,73.92957420878173
2017-10-31T20:59:59Z,89.38322147931736,70.80420062527506
2017-10-31T21:59:59Z,88.86044068555498,68.7929470313745
2017-10-31T22:59:59Z,89.02996096763597,68.61077311540475
2017-10-31T23:59:59Z,88.3130534157565,68.84826996432321
2017-11-01T00:59:59Z,89.63717820975967,70.02684857906083
2017-11-01T01:59:59Z,90.4725582076627,71.94482485164765
2017-11-01T02:59:59Z,89.83350853157377,71.1310380341145
2017-11-01T03:59:59Z,89.57472800359824,71.39953185182694
2017-11-01T04:59:59Z,89.66994406733984,71.90575381327244
2017-11-01T05:59:59Z,89.25193823090031,72.50623033184502
2017-11-01T06:59:59Z,90.07805390992645,74.4788731692511
2017-11-01T07:59:59Z,89.56798200094397,72.72332351410454
2017-11-01T08:59:59Z,89.60395467195708,71.1836072993534
2017-11-01T09:59:59Z,89.82452432112895,71.6358488388098
2017-11-01T10:59:59Z,90.0768142323526,74.45958860218495
2017-11-01T11:59:59Z,90.03148531087243,74.07368506115877
2017-11-01T12:59:59Z,89.62919193743433,73.27353077051686
2017-11-01T13:59:59Z,89.76262150498364,73.84278762763698
2017-11-01T14:59:59Z,90.28939599532653,73.79965473670137
2017-11-01T15:59:59Z,89.95319241688912,74.50749159618744
2017-11-01T16:59:59Z,89.95262757754813,74.66266092642557
2017-11-01T17:59:59Z,90.09156918179143,74.77370579444488
2017-11-01T18:59:59Z,89.77957001792565,75.15508887591139
2017-11-01T19:59:59Z,89.4438949940029,73.53310786999205
2017-11-01T20:59:59Z,89.62533593960391,72.90885438192764
2017-11-01T21:59:59Z,89.55957913049474,72.98031203033406
2017-11-01T22:59:59Z,88.76562272104094,72.6424722753931
2017-11-01T23:59:59Z,87.8540039299799,70.55464859956305
2017-11-02T00:59:59Z,88.26057854689968,71.77005075312024
2017-11-02T01:59:59Z,87.7676925839168,71.00609194993825
2017-11-02T02:59:59Z,87.75282121597705,71.12447772091426
2017-11-02T03:59:59Z,88.03872940088468,71.44417049904459
2017-11-02T04:59:59Z,87.64046577632998,72.3063999364786
2017-11-02T05:59:59Z,87.2339357577968,72.13941400670984
2017-11-02T06:59:59Z,87.30431969507318,74.07705231910975
2017-11-02T07:59:59Z,87.49665829667812,74.20012030097702
2017-11-02T08:59:59Z,87.2458954041525,73.91855311323594
2017-11-02T09:59:59Z,87.47264166014055,73.79627659513216
2017-11-02T10:59:59Z,83.6799814034962,66.12683949284701
2017-11-02T11:59:59Z,86.29411885597922,70.86194058488378
2017-11-02T12:59:59Z,86.8866903746524,72.08787088479339
2017-11-02T13:59:59Z,87.7677180393611,72.99302201470367
2017-11-02T14:59:59Z,86.29613080153395,70.6240420674232
2017-11-02T15:59:59Z,86.90738844325601,71.90509791015455
2017-11-02T16:59:59Z,87.30971749534211,72.75845408698144
2017-11-02T17:59:59Z,85.80763296928781,68.27796148807018
2017-11-02T18:59:59Z,87.13603651204846,72.00319641770224
2017-11-02T19:59:59Z,86.683034613707,70.33558259224469
2017-11-02T20:59:59Z,86.32716889086758,69.09360605900646
2017-11-02T21:59:59Z,86.87187998853442,67.8882184275708
2017-11-02T22:59:59Z,86.53728676360629,70.1651034053592
2017-11-02T23:59:59Z,86.27445746654932,71.03409841846575
2017-11-03T00:59:59Z,86.46495728767358,72.48910753348207
2017-11-03T01:59:59Z,87.36158259829897,71.76580468594501
2017-11-03T02:59:59Z,85.83887307345363,70.70339353647049
2017-11-03T03:59:59Z,84.65665841242048,68.23010107726873
2017-11-03T04:59:59Z,86.22596639944254,70.54074615553438
2017-11-03T05:59:59Z,87.62552800062521,73.35372011835972
2017-11-03T06:59:59Z,85.52843317162092,69.26740726747775
2017-11-03T07:59:59Z,84.10384151793046,65.83078498069952
2017-11-03T08:59:59Z,86.32695665397341,70.49203885941283
2017-11-03T09:59:59Z,85.07700554813853,67.79721745108438
2017-11-03T10:59:59Z,83.52693382292289,63.38948771439382
2017-11-03T11:59:59Z,83.05762470260412,61.50694708435904
2017-11-03T12:59:59Z,85.25717001346707,66.83689846670016
2017-11-03T13:59:59Z,86.428547242016,70.83023405275637
2017-11-03T14:59:59Z,88.13974336903492,73.88281933742837
2017-11-03T15:59:59Z,87.02885741918094,71.15964792409187
2017-11-03T16:59:59Z,87.57687119865572,72.75220564370343
2017-11-03T17:59:59Z,88.28637428485945,72.61170845669947
2017-11-03T18:59:59Z,88.98052289618016,70.95419026751598
2017-11-03T19:59:59Z,88.27051015478771,70.08283117697967
2017-11-03T20:59:59Z,88.13177779813763,69.53745692988637
2017-11-03T21:59:59Z,88.43497045793161,69.9838203653832
2017-11-03T22:59:59Z,89.0862011727819,72.07751168991598
2017-11-03T23:59:59Z,90.12371871853873,73.65346846541061
2017-11-04T00:59:59Z,89.51226801924425,72.27812918836825
2017-11-04T01:59:59Z,88.12766326447574,69.06751674317638
2017-11-04T02:59:59Z,88.55182571554394,71.37049612700457
2017-11-04T03:59:59Z,88.72564479739135,71.36253686954049
2017-11-04T04:59:59Z,87.2881501408965,68.97420987184807
2017-11-04T05:59:59Z,88.39692658884674,67.68881648679097
2017-11-04T06:59:59Z,89.22565741507889,70.31675993689741
2017-11-04T07:59:59Z,88.14927238917568,67.34052611607925
2017-11-04T08:59:59Z,87.8312412925635,68.55545330031586
2017-11-04T09:59:59Z,89.66096890008505,69.23446429959235
2017-11-04T10:59:59Z,87.41827506721023,68.55579858575844
2017-11-04T11:59:59Z,89.88644826800413,72.61999571838759
2017-11-04T12:59:59Z,89.22598831047215,72.43077579918571
2017-11-04T13:59:59Z,89.68872413331012,72.23120492728972
2017-11-04T14:59:59Z,84.89304283194649,67.95894093212654
2017-11-04T15:59:59Z,81.65559637064634,64.04766608720443
2017-11-04T16:59:59Z,89.2568072931901,70.96665617239171
2017-11-04T17:59:59Z,89.69983154611202,72.05106688755822
2017-11-04T18:59:59Z,89.8353695199959,71.57463991957661
2017-11-04T19:59:59Z,89.32604809165197,72.9838770047972
2017-11-04T20:59:59Z,87.90192535345795,67.90514403204874
2017-11-04T21:59:59Z,87.43353553504869,67.64457062059323
2017-11-04T22:59:59Z,86.59022340033671,67.8058027006637
2017-11-04T23:59:59Z,80.57155871942761,57.05423963451689
2017-11-05T00:59:59Z,80.68732564423317,54.26742221892494
2017-11-05T01:59:59Z,82.47251398261584,57.066712812446866
2017-11-05T02:59:59Z,86.29827618341237,62.6037447732098
2017-11-05T03:59:59Z,87.31262746059389,65.90333588077743
2017-11-05T04:59:59Z,88.17543392848438,67.94228492661688
2017-11-05T05:59:59Z,88.70302442275592,69.62868905823223
2017-11-05T06:59:59Z,88.86574462388474,67.00671063435558
2017-11-05T07:59:59Z,87.00655103744005,64.83301550759008
2017-11-05T08:59:59Z,87.25580654669699,66.17269930334137
2017-11-05T09:59:59Z,88.59604634733319,68.76394872134334
2017-11-05T10:59:59Z,86.42813173590383,67.3299275569056
2017-11-05T11:59:59Z,89.85295570177713,74.0936534837265
2017-11-05T12:59:59Z,89.96774702290827,73.13120416701686
2017-11-05T13:59:59Z,89.48042964715417,71.67187504753882
2017-11-05T14:59:59Z,89.84801562008944,72.48358723446161
2017-11-05T15:59:59Z,89.49190623099018,71.86346316616977
2017-11-05T16:59:59Z,85.28500009514995,66.10651785531648
2017-11-05T17:59:59Z,89.28175638865154,72.34516754664848
2017-11-05T18:59:59Z,89.49926204515377,72.38485142545467
2017-11-05T19:59:59Z,86.67609078337993,67.76067110241893
2017-11-05T20:59:59Z,83.49893944827217,61.483554114085486
2017-11-05T21:59:59Z,86.92462436833911,66.6901419111868
2017-11-05T22:59:59Z,89.29725188897002,72.96287127192672
2017-11-05T23:59:59Z,89.83416431403548,72.84452315550695
2017-11-06T00:59:59Z,87.57420860631204,68.70517798578175
2017-11-06T01:59:59Z,89.8309680667536,73.42743620338744
2017-11-06T02:59:59Z,89.65959677087,72.4850744547883
2017-11-06T03:59:59Z,89.76716964302894,73.00186783497338
2017-11-06T04:59:59Z,89.3162560957101,71.68280462623662
2017-11-06T05:59:59Z,90.40557657562067,72.44934777856992
2017-11-06T06:59:59Z,88.87679579449203,70.9162970892072
2017-11-06T07:59:59Z,88.33850927982716,69.8047197759893
2017-11-06T08:59:59Z,88.76461633143042,67.40980217735506
2017-11-06T09:59:59Z,89.47830282090541,71.71351276179286
2017-11-06T10:59:59Z,87.77009732176776,70.18523873222938
2017-11-06T11:59:59Z,85.39656132842595,60.41367151299809
2017-11-06T12:59:59Z,85.47669183246221,59.76083746182397
2017-11-06T13:59:59Z,86.19913496398813,62.456156952278725
2017-11-06T14:59:59Z,87.30244662712823,64.94669371186117
2017-11-06T15:59:59Z,86.51908760583399,63.920087859572355
2017-11-06T16:59:59Z,86.02908780002412,64.67605813002851
2017-11-06T17:59:59Z,86.54877701733518,65.19960593994512
2017-11-06T18:59:59Z,87.31540339204933,69.15616809157751
2017-11-06T19:59:59Z,88.433734322283,70.70639024473505
2017-11-06T20:59:59Z,88.78130670934843,71.76558247150699
2017-11-06T21:59:59Z,89.34901915406435,70.87543914355051
2017-11-06T22:59:59Z,89.25207325189048,72.82434341596144
2017-11-06T23:59:59Z,88.61421502743279,72.40862799514024
2017-11-07T00:59:59Z,88.19517460923055,71.46039533359418
2017-11-07T01:59:59Z,88.46343836270891,71.12785484291983
2017-11-07T02:59:59Z,88.92345963177729,70.48182929573062
2017-11-07T03:59:59Z,88.76525999427174,70.95479042910902
2017-11-07T04:59:59Z,89.31380868348238,72.02015587422258
2017-11-07T05:59:59Z,89.24569241059919,72.5342444655853
2017-11-07T06:59:59Z,88.77253970444707,71.52306680686605
2017-11-07T07:59:59Z,89.14098143012768,72.34556926403616
2017-11-07T08:59:59Z,88.15164719420382,71.20893052290253
2017-11-07T09:59:59Z,87.51935747087362,69.04638871536025
2017-11-07T10:59:59Z,88.02819963152876,68.8547576637275
2017-11-07T11:59:59Z,87.94359835575567,71.54765135097739
2017-11-07T12:59:59Z,84.57548921924756,62.37054925311195
2017-11-07T13:59:59Z,80.31984858921773,55.00520849341163
2017-11-07T14:59:59Z,80.4353065474368,54.70373879910529
2017-11-07T15:59:59Z,80.58929525216199,54.05372877660616
2017-11-07T16:59:59Z,80.73468222983892,53.83427410529705
2017-11-07T17:59:59Z,80.04821303490465,54.02921880578101
2017-11-07T18:59:59Z,79.50068311962035,53.75233015589531
2017-11-07T19:59:59Z,80.20907622444342,56.89328840795468
2017-11-07T20:59:59Z,81.90100603769436,58.57772187223223
2017-11-07T21:59:59Z,83.46400703430507,60.31629153844359
2017-11-07T22:59:59Z,85.56320928097398,65.68689587243831
2017-11-07T23:59:59Z,86.51836703218127,66.5082348873687
2017-11-08T00:59:59Z,86.40821704197452,66.65950703123737
2017-11-08T01:59:59Z,86.33866838519178,67.34773992942218
2017-11-08T02:59:59Z,86.68031380771465,68.93898555246145
2017-11-08T03:59:59Z,87.6623718494143,71.63973964698822
2017-11-08T04:59:59Z,87.74830522584402,71.9932144970474
2017-11-08T05:59:59Z,87.5881961350301,70.37012883868361
2017-11-08T06:59:59Z,87.15744183034069,67.2496128615637
2017-11-08T07:59:59Z,87.43848050517711,67.62526187834455
2017-11-08T08:59:59Z,87.35182653490843,71.38236596880444
2017-11-08T09:59:59Z,86.82806594205756,71.01966718459123
2017-11-08T10:59:59Z,83.88050471425619,66.41824320016019
2017-11-08T11:59:59Z,87.28833026498735,70.91860407976388
2017-11-08T12:59:59Z,87.92508365874157,72.5217852759076
2017-11-08T13:59:59Z,88.39307477564815,72.09204939605718
2017-11-08T14:59:59Z,88.99903500122674,73.73183417152285
2017-11-08T15:59:59Z,87.02764075567302,70.76058580964973
2017-11-08T16:59:59Z,86.97322766214025,70.46269642042617
2017-11-08T17:59:59Z,87.1629026774139,70.57767083310432
2017-11-08T18:59:59Z,88.19472568578304,72.59111931297986
2017-11-08T19:59:59Z,88.63489370139474,71.9612621791339
2017-11-08T20:59:59Z,88.65350893228094,72.02373024948139
2017-11-08T21:59:59Z,88.30927282564024,72.09037039263046
2017-11-08T22:59:59Z,86.03509132879431,68.03847290564255
2017-11-08T23:59:59Z,85.65973789146962,67.33070205752642
2017-11-09T00:59:59Z,85.79696962726405,66.14981160464507
2017-11-09T01:59:59Z,86.44645244336338,69.97211074152025
2017-11-09T02:59:59Z,86.72767269427045,70.04990863924561
2017-11-09T03:59:59Z,85.6907973759639,67.27322481488595
2017-11-09T04:59:59Z,85.1185249896247,66.44675733406626
2017-11-09T05:59:59Z,85.55008994162877,67.13044607767773
2017-11-09T06:59:59Z,85.23768727889235,66.69089352981399
2017-11-09T07:59:59Z,85.78826072006883,67.4330617536439
2017-11-09T08:59:59Z,86.11597462292501,67.69764003932507
2017-11-09T09:59:59Z,85.8316651849106,68.33083642549076
2017-11-09T10:59:59Z,87.33464352291499,71.43531835402631
2017-11-09T11:59:59Z,87.35661544156949,71.71069263558485
2017-11-09T12:59:59Z,87.85014721453628,72.09012798683085
2017-11-09T13:59:59Z,88.65601006224676,69.82565257159382
2017-11-09T14:59:59Z,82.92518564870437,64.35465261124585
2017-11-09T15:59:59Z,87.42482034601584,72.14834273795047
2017-11-09T16:59:59Z,87.5762027332263,73.39596682954857
2017-11-09T17:59:59Z,87.4242560650955,71.41892838543733
2017-11-09T18:59:59Z,86.07160183184493,67.63346795093865
2017-11-09T19:59:59Z,86.03389563237702,68.95097686250125
2017-11-09T20:59:59Z,86.725517762823,71.19516482322074
2017-11-09T21:59:59Z,88.63056441307151,74.28264591783798
2017-11-09T22:59:59Z,88.91519830820546,74.37564522439541
2017-11-09T23:59:59Z,88.09175398467049,72.53510512038272
2017-11-10T00:59:59Z,87.1105380516572,70.62043519439959
2017-11-10T01:59:59Z,87.45241890756832,70.53669149747185
2017-11-10T02:59:59Z,88.07893175816525,71.42391049942199
2017-11-10T03:59:59Z,88.3178101162584,72.6746744458731
2017-11-10T04:59:59Z,88.91494112509781,73.80702602673877
2017-11-10T05:59:59Z,89.6450785887547,75.0833803238245
2017-11-10T06:59:59Z,88.7916531314054,74.27623677859549
2017-11-10T07:59:59Z,88.32472255094922,71.6741750094962
2017-11-10T08:59:59Z,88.83159703939548,72.1611114320006
2017-11-10T09:59:59Z,89.31537633791432,72.86300997055463
2017-11-10T10:59:59Z,90.83449401682155,75.56780683656793
2017-11-10T11:59:59Z,89.60312549235452,72.43433065583122
2017-11-10T12:59:59Z,88.1629289537612,71.91739443146068
2017-11-10T13:59:59Z,87.57758312988265,71.37126637662763
2017-11-10T14:59:59Z,89.68176766923773,74.20597850823633
2017-11-10T15:59:59Z,90.47129893162236,75.39792823196227
2017-11-10T16:59:59Z,89.02573415426905,73.34185299529298
2017-11-10T17:59:59Z,89.1052116215178,73.17633353827718
2017-11-10T18:59:59Z,88.61913968177835,72.00268399056651
2017-11-10T19:59:59Z,87.52342925478725,70.82296923365374
2017-11-10T20:59:59Z,87.905806256801,71.55362112489507
2017-11-10T21:59:59Z,88.70802120511878,73.64112614443174
2017-11-10T22:59:59Z,88.44127442201595,74.26185238939084
2017-11-10T23:59:59Z,86.84940468038826,70.76761557216552
2017-11-11T00:59:59Z,89.85751078261569,75.15911970658193
2017-11-11T01:59:59Z,89.7837810142123,74.61495714549075
2017-11-11T02:59:59Z,89.340708153778,73.93205047479138
2017-11-11T03:59:59Z,88.57235460177617,72.38987797480615
2017-11-11T04:59:59Z,88.00494867349016,71.57436371111828
2017-11-11T05:59:59Z,87.56183760981769,71.74529579231022
2017-11-11T06:59:59Z,89.0387172052968,74.005494117511
2017-11-11T07:59:59Z,89.09767645002016,74.31176519035765
2017-11-11T08:59:59Z,89.02375421205839,73.54126775677429
2017-11-11T09:59:59Z,89.14947104422704,73.73585254825012
2017-11-11T10:59:59Z,89.52572149428688,74.13014449205109
2017-11-11T11:59:59Z,89.3677922612137,74.19435297381456
2017-11-11T12:59:59Z,88.92931855486371,72.28765195446509
2017-11-11T13:59:59Z,88.90974305500646,72.52587577203573
2017-11-11T14:59:59Z,87.88418044732809,70.83016660257086
2017-11-11T15:59:59Z,88.15858686542684,71.28103935518675
2017-11-11T16:59:59Z,88.78136057326998,73.12595038378522
2017-11-11T17:59:59Z,89.29623166842225,73.14510544660021
2017-11-11T18:59:59Z,88.97821095428888,71.91015618621047
2017-11-11T19:59:59Z,88.26075707828245,71.10804454733339
2017-11-11T20:59:59Z,88.95266409488555,71.90160105863558
2017-11-11T21:59:59Z,88.8685853890513,71.7158254117557
2017-11-11T22:59:59Z,88.22372228989423,71.4066734331206
2017-11-11T23:59:59Z,89.69013106493998,73.01648198089556
2017-11-12T00:59:59Z,89.08933762008616,72.47135520178122
2017-11-12T01:59:59Z,88.45004756096178,69.70277919159474
2017-11-12T02:59:59Z,87.93453567420671,68.66780321223501
2017-11-12T03:59:59Z,88.76409006160311,68.97232582024739
2017-11-12T04:59:59Z,88.58238929512957,70.42972183585371
2017-11-12T05:59:59Z,87.70541746190817,69.56908705097881
2017-11-12T06:59:59Z,87.99105850826832,69.01418390899575
2017-11-12T07:59:59Z,86.74154658723641,67.00538717072777
2017-11-12T08:59:59Z,81.3706293409919,57.471885338688544
2017-11-12T09:59:59Z,80.97396044018033,56.97193192906075
2017-11-12T10:59:59Z,81.61764553352002,57.40380216876642
2017-11-12T11:59:59Z,81.1995699678851,57.351089744643886
2017-11-12T12:59:59Z,81.45636063863724,57.4209859143418
2017-11-12T13:59:59Z,81.0741112021164,57.92150740512242
2017-11-12T14:59:59Z,80.83455190760547,57.74542975365937
2017-11-12T15:59:59Z,81.28310706858234,56.74871287775563
2017-11-12T16:59:59Z,80.16049695617684,55.531329925387325
2017-11-12T17:59:59Z,82.62526232232538,59.04818141122377
2017-11-12T18:59:59Z,81.882239256069,56.42445489375781
2017-11-12T19:59:59Z,81.82216647407448,57.213681138028086
2017-11-12T20:59:59Z,81.97579368375551,58.5767597853344
2017-11-12T21:59:59Z,79.91005123227744,57.63092222161866
2017-11-12T22:59:59Z,84.35985864770429,64.18040202821375
2017-11-12T23:59:59Z,86.75786909325161,67.95967390753108
2017-11-13T00:59:59Z,87.17120882156208,65.3210844959785
2017-11-13T01:59:59Z,87.94692913706076,68.8756332381787
2017-11-13T02:59:59Z,85.46555159391454,65.5326171606977
2017-11-13T03:59:59Z,86.19248153262924,62.99987892084768
2017-11-13T04:59:59Z,86.8044982364117,64.15285623999722
2017-11-13T05:59:59Z,86.34788431700663,64.5285338259259
2017-11-13T06:59:59Z,88.7546910291921,68.16657128297264
2017-11-13T07:59:59Z,90.45227955210503,71.01725592083858
2017-11-13T08:59:59Z,88.26900086668742,68.17520316139888
2017-11-13T09:59:59Z,88.42747831208713,68.32156910792133
2017-11-13T10:59:59Z,87.92956260617639,67.28854107266973
2017-11-13T11:59:59Z,87.90899835639853,67.61897863604736
2017-11-13T12:59:59Z,87.2073180036623,67.76823103906007
2017-11-13T13:59:59Z,87.86680938031418,66.04403905057335
2017-11-13T14:59:59Z,87.407086061068,64.88399273653653
2017-11-13T15:59:59Z,88.78874006289816,68.28200269363376
2017-11-13T16:59:59Z,90.22880583450448,70.42370968308079
2017-11-13T17:59:59Z,90.33413991496066,69.23067982673612
2017-11-13T18:59:59Z,89.35890027771616,70.48055337542584
2017-11-13T19:59:59Z,89.66778311925026,68.61255719435287
2017-11-13T20:59:59Z,89.8855087878278,69.46257316071059
2017-11-13T21:59:59Z,90.71878363315551,71.68875537668382
2017-11-13T22:59:59Z,89.24202431363237,71.19680699107168
2017-11-13T23:59:59Z,89.17640840965099,70.63636768035214
2017-11-14T00:59:59Z,89.90133060065288,72.93433108757795
2017-11-14T01:59:59Z,90.00562056978076,71.96708317073268
2017-11-14T02:59:59Z,89.87162358905118,72.27003083078135
2017-11-14T03:59:59Z,89.99732888191461,71.3966195655349
2017-11-14T04:59:59Z,89.68301071521127,72.055064417645
2017-11-14T05:59:59Z,89.68419063718368,71.94144940950005
2017-11-14T06:59:59Z,89.14775814585869,72.67850087797144
2017-11-14T07:59:59Z,89.6713065723398,72.59890001740841
2017-11-14T08:59:59Z,89.60405299550352,73.52980781100058
2017-11-14T09:59:59Z,89.71160808552291,73.37906647194943
2017-11-14T10:59:59Z,90.5463398130034,73.1522272761478
2017-11-14T11:59:59Z,91.11416371653593,75.4675252460613
2017-11-14T12:59:59Z,90.88344082892952,73.92729203237235
2017-11-14T13:59:59Z,90.51225042737953,72.54596315823349
2017-11-14T14:59:59Z,89.87608376126354,72.34868397660047
2017-11-14T15:59:59Z,89.36711117607138,71.43869188892306
2017-11-14T16:59:59Z,90.5911351151219,73.99175293446653
2017-11-14T17:59:59Z,90.70644154447393,73.98159285535274
2017-11-14T18:59:59Z,90.42290238174712,72.07881585707257
2017-11-14T19:59:59Z,89.8144776675952,71.5889251054866
2017-11-14T20:59:59Z,89.95588637489648,73.1656167989027
2017-11-14T21:59:59Z,89.61821153944976,72.65473843250489
2017-11-14T22:59:59Z,90.54096226155885,74.40930890983951
2017-11-14T23:59:59Z,90.70998416181988,75.0119317188353
2017-11-15T00:59:59Z,91.24483124861763,75.68156783471981
2017-11-15T01:59:59Z,89.88998735712744,71.41388104326194
2017-11-15T02:59:59Z,89.41302313346087,69.40340869909932
2017-11-15T03:59:59Z,89.87575215533256,71.49148575512024
2017-11-15T04:59:59Z,90.03054407905684,73.11773070841741
2017-11-15T05:59:59Z,89.90410591271338,73.01691619332193
2017-11-15T06:59:59Z,89.71805010887265,73.31868289282801
2017-11-15T07:59:59Z,90.66267604399725,74.69212012211261
2017-11-15T08:59:59Z,90.17367248707433,74.20065768240435
2017-11-15T09:59:59Z,90.39446571556864,74.9093422184265
2017-11-15T10:59:59Z,90.90048214159071,75.27599641737523
2017-11-15T11:59:59Z,90.86172441125359,75.29100200630526
2017-11-15T12:59:59Z,90.18185978625634,74.44514133608497
2017-11-15T13:59:59Z,89.3395136913573,71.41411586044818
2017-11-15T14:59:59Z,90.54533753391247,75.06191505010169
2017-11-15T15:59:59Z,90.58910789938001,71.45910880476539
2017-11-15T16:59:59Z,90.67703527247629,72.49791447578852
2017-11-15T17:59:59Z,89.41359193154294,72.34447820432034
2017-11-15T18:59:59Z,89.39477873119915,73.94623687584959
2017-11-15T19:59:59Z,89.8462421084485,74.28818720820767
2017-11-15T20:59:59Z,89.4800090386076,71.86565506831002
2017-11-15T21:59:59Z,89.8707830536365,74.33661393333672
2017-11-15T22:59:59Z,90.00619098905035,73.5303452050334
2017-11-15T23:59:59Z,90.02935318596276,72.3424216707222
2017-11-16T00:59:59Z,88.69992772312054,71.09858277189252
2017-11-16T01:59:59Z,88.6218407669748,70.59533174535956
2017-11-16T02:59:59Z,88.26857509006238,72.12955092662547
2017-11-16T03:59:59Z,86.9972178568313,69.36125762134984
2017-11-16T04:59:59Z,87.8027449766987,70.85652879350864
2017-11-16T05:59:59Z,89.09993992213602,72.63531319862705
2017-11-16T06:59:59Z,88.254653588113,72.0801766283351
2017-11-16T07:59:59Z,88.13864777102566,71.7171323733053
2017-11-16T08:59:59Z,88.6136646943442,73.0007775310148
2017-11-16T09:59:59Z,89.15725062313008,73.32760206155695
2017-11-16T10:59:59Z,87.4274518632504,69.01163613567785
2017-11-16T11:59:59Z,86.80916431758284,67.5218616869266
2017-11-16T12:59:59Z,87.12510268341389,67.362241455868
2017-11-16T13:59:59Z,87.33324947413145,68.67609183912607
2017-11-16T14:59:59Z,88.0405268479795,71.11761371642973
2017-11-16T15:59:59Z,87.55514598391458,70.4033572800659
2017-11-16T16:59:59Z,88.86100024048267,71.66252890694278
2017-11-16T17:59:59Z,90.28312609714594,73.62420673656675
2017-11-16T18:59:59Z,90.21917402038521,73.61342573119788
2017-11-16T19:59:59Z,90.06186600984158,72.36865152637384
2017-11-16T20:59:59Z,89.11661938463972,72.76617120646875
2017-11-16T21:59:59Z,88.09305696787591,70.7325862216321
2017-11-16T22:59:59Z,89.05748229314445,69.37819179312346
2017-11-16T23:59:59Z,91.20915833019878,70.6850427299573
2017-11-17T00:59:59Z,90.86737252996583,72.48070932431627
2017-11-17T01:59:59Z,91.29844266089458,72.84627076698172
2017-11-17T02:59:59Z,90.74291646928536,69.66462603296317
2017-11-17T03:59:59Z,90.2239506968399,67.41816259609462
2017-11-17T04:59:59Z,90.24540510844258,67.65995976646322
2017-11-17T05:59:59Z,90.96023380540362,69.57480257313657
2017-11-17T06:59:59Z,91.04795757291161,73.10952137262106
2017-11-17T07:59:59Z,89.36269073800669,70.8909683739102
2017-11-17T08:59:59Z,89.5793323283043,71.77118719041131
2017-11-17T09:59:59Z,90.02790318370408,71.57206613202953
2017-11-17T10:59:59Z,90.50618110527047,72.16966984728111
2017-11-17T11:59:59Z,91.49772221562608,74.3207170863082
2017-11-17T12:59:59Z,91.56865793801148,73.76608579018708
2017-11-17T13:59:59Z,89.66131521751821,71.97105309341754
2017-11-17T14:59:59Z,89.50346773160004,70.6287988759005
2017-11-17T15:59:59Z,90.46030206030345,72.75743414838489
2017-11-17T16:59:59Z,91.95110689536104,75.72811560542372
2017-11-17T17:59:59Z,91.94609745667826,75.89821417703861
2017-11-17T18:59:59Z,91.64359541498625,74.56595808506167
2017-11-17T19:59:59Z,91.05399145958478,71.07389555550137
2017-11-17T20:59:59Z,91.12611991297045,70.89367877763522
2017-11-17T21:59:59Z,91.10046914036361,70.29132776082488
2017-11-17T22:59:59Z,90.64705545172659,68.61686141251919
2017-11-17T23:59:59Z,90.50800065486528,69.1362825771283
2017-11-18T00:59:59Z,91.47643121868971,71.970248358829
2017-11-18T01:59:59Z,92.53865202175712,74.45496234959289
2017-11-18T02:59:59Z,92.24357441944125,73.79942730141354
2017-11-18T03:59:59Z,91.45028633253177,72.1508803602686
2017-11-18T04:59:59Z,90.50777754923779,68.17696410586657
2017-11-18T05:59:59Z,90.08268106898485,68.5871162528127
2017-11-18T06:59:59Z,90.51072270053727,70.18319638357758
2017-11-18T07:59:59Z,91.30079323845938,73.03853753097717
2017-11-18T08:59:59Z,90.77070527180314,71.1637675471261
2017-11-18T09:59:59Z,91.07783012464922,72.48112396058836
2017-11-18T10:59:59Z,90.30812722774522,70.33619340738855
2017-11-18T11:59:59Z,90.57204059403938,70.93803206927305
2017-11-18T12:59:59Z,90.28704113587848,71.37590207407294
2017-11-18T13:59:59Z,89.99057205898926,71.04474248504972
2017-11-18T14:59:59Z,89.0408183735612,68.56607844143683
2017-11-18T15:59:59Z,89.68743808803224,66.43711573008481
2017-11-18T16:59:59Z,90.1712449701836,69.82334452011817
2017-11-18T17:59:59Z,90.13978358007694,70.51975426215628
2017-11-18T18:59:59Z,90.22592599580243,70.74168281983461
2017-11-18T19:59:59Z,88.7608004572344,65.91883803174991
2017-11-18T20:59:59Z,89.65110796772497,66.75906802882027
2017-11-18T21:59:59Z,89.57660570224768,67.43906260879675
2017-11-18T22:59:59Z,89.49646374910635,67.518926580959
2017-11-18T23:59:59Z,89.45679939477388,68.31056357207888
2017-11-19T00:59:59Z,89.78613300616384,70.63364899571279
2017-11-19T01:59:59Z,89.24533492469511,70.69291102017253
2017-11-19T02:59:59Z,88.92378474979178,71.04944376664417
2017-11-19T03:59:59Z,89.04084445598345,71.51196864881021
2017-11-19T04:59:59Z,89.27412626077177,72.19408740971647
2017-11-19T05:59:59Z,89.16546188984962,72.47973133459217
2017-11-19T06:59:59Z,89.60152707711693,70.72207235058245
2017-11-19T07:59:59Z,89.2135129641169,72.52947350152293
2017-11-19T08:59:59Z,89.54421409944592,72.80048430584833
2017-11-19T09:59:59Z,89.2665415639702,71.94500741225741
2017-11-19T10:59:59Z,89.74413409653819,72.43018458723071
2017-11-19T11:59:59Z,89.75699763917065,72.8368334991032
2017-11-19T12:59:59Z,89.71908390955126,73.78848529670142
2017-11-19T13:59:59Z,89.35091720861237,70.79068286919204
2017-11-19T14:59:59Z,89.96138693137179,70.18045500291814
2017-11-19T15:59:59Z,87.80889216807968,70.29268436203024
2017-11-19T16:59:59Z,89.51311336418574,72.48052206735015
2017-11-19T17:59:59Z,88.91673847933636,71.22513835002007
2017-11-19T18:59:59Z,88.17358483347192,67.84619920333243
2017-11-19T19:59:59Z,87.73758321862702,67.194878211775
2017-11-19T20:59:59Z,88.08145471719347,67.29466947075504
2017-11-19T21:59:59Z,88.91062622578484,69.53608486635339
2017-11-19T22:59:59Z,89.85205435133172,73.15842977755462
2017-11-19T23:59:59Z,88.66938523331923,70.34038664645595
2017-11-20T00:59:59Z,88.8498987807965,69.35987273060906
2017-11-20T01:59:59Z,88.46234786900966,68.8156208988642
2017-11-20T02:59:59Z,88.12021694164162,69.8285644049032
2017-11-20T03:59:59Z,88.50351141871101,71.42260850310723
2017-11-20T04:59:59Z,88.40054344547319,72.76881013703638
2017-11-20T05:59:59Z,89.0641306022414,73.10806345606689
2017-11-20T06:59:59Z,88.44823836549243,72.07538551075987
2017-11-20T07:59:59Z,88.48104126204288,72.30580215865136
2017-11-20T08:59:59Z,88.02150853771475,72.02540614880989
2017-11-20T09:59:59Z,88.8029996447621,73.50855883307896
2017-11-20T10:59:59Z,88.9480276071543,72.40343342626689
2017-11-20T11:59:59Z,88.01831994063905,71.12782457698819
2017-11-20T12:59:59Z,88.78131639808116,72.78858702583311
2017-11-20T13:59:59Z,89.13649342541684,73.56874561502325
2017-11-20T14:59:59Z,89.08430897686351,73.71358323181087
2017-11-20T15:59:59Z,89.23551065230163,73.24365513569383
2017-11-20T16:59:59Z,86.64572910489649,68.11931290254756
2017-11-20T17:59:59Z,87.69064240327587,70.19167256642388
2017-11-20T18:59:59Z,89.30137183021543,73.44929190825161
2017-11-20T19:59:59Z,90.02320630851004,74.44565502584284
2017-11-20T20:59:59Z,89.9682926237739,74.12075878477783
2017-11-20T21:59:59Z,89.28744418694008,70.22476702843372
2017-11-20T22:59:59Z,88.99501365987335,68.69217742414777
2017-11-20T23:59:59Z,88.24652277646898,68.41970250608034
2017-11-21T00:59:59Z,88.52417850801457,69.42763641303549
2017-11-21T01:59:59Z,88.51073181289858,70.6794286164408
2017-11-21T02:59:59Z,89.76537187700411,73.57504417742634
2017-11-21T03:59:59Z,89.73606304286669,72.61617023838981
2017-11-21T04:59:59Z,89.53743567259146,72.63837251027469
2017-11-21T05:59:59Z,89.61547479937303,72.05940101803478
2017-11-21T06:59:59Z,89.15654773739375,71.5180304498472
2017-11-21T07:59:59Z,89.40170123340339,72.17349275330726
2017-11-21T08:59:59Z,89.64752242562884,72.37598394725734
2017-11-21T09:59:59Z,89.56705980551301,71.77504275264162
2017-11-21T10:59:59Z,87.53302648447976,70.36731693793884
2017-11-21T11:59:59Z,90.0332599448875,74.45881522046504
2017-11-21T12:59:59Z,89.55293094768304,73.60507397157305
2017-11-21T13:59:59Z,87.95669917707978,70.92719419389365
2017-11-21T14:59:59Z,89.97780005702133,74.20633063111269
2017-11-21T15:59:59Z,89.93515848291571,73.88439703868234
2017-11-21T16:59:59Z,88.3442973346442,70.54643753241412
2017-11-21T17:59:59Z,89.86069276250826,73.85504343008114
2017-11-21T18:59:59Z,89.71954283294542,73.58668639878675
2017-11-21T19:59:59Z,88.86241286741722,70.4714004249588
2017-11-21T20:59:59Z,88.7151126148943,70.09835818082915
2017-11-21T21:59:59Z,89.55030854176646,71.85997645205663
2017-11-21T22:59:59Z,89.79775788159968,73.11545055671105
2017-11-21T23:59:59Z,89.79772653279817,72.80233015280702
2017-11-22T00:59:59Z,89.5108389278344,73.19457899351548
2017-11-22T01:59:59Z,89.68154078872124,72.11118298481452
2017-11-22T02:59:59Z,89.3310242267658,70.30984548488564
2017-11-22T03:59:59Z,89.46233988775265,69.54305745401236
2017-11-22T04:59:59Z,90.15080551875944,70.94613783848276
2017-11-22T05:59:59Z,89.20118835869759,71.63965965534584
2017-11-22T06:59:59Z,87.68811723834676,68.39509291152098
2017-11-22T07:59:59Z,87.21010637117143,68.22731965100127
2017-11-22T08:59:59Z,88.50053667543254,70.37033470670022
2017-11-22T09:59:59Z,86.79525979276309,67.97267238904016
2017-11-22T10:59:59Z,85.42599881555263,64.80616738461825
2017-11-22T11:59:59Z,86.1580245023187,64.24065631549469
2017-11-22T12:59:59Z,88.0253329487867,68.5840907149522
2017-11-22T13:59:59Z,88.78607719318377,71.06800842286857
2017-11-22T14:59:59Z,86.71411771498656,67.15591875363626
2017-11-22T15:59:59Z,87.22877318548119,66.49162568432422
2017-11-22T16:59:59Z,86.91133455655199,68.7981312563827
2017-11-22T17:59:59Z,87.2478710318047,68.02195575856382
2017-11-22T18:59:59Z,88.46325569246737,72.826931617114
2017-11-22T19:59:59Z,88.53954532731673,73.47064401742445
2017-11-22T20:59:59Z,86.76547845270336,68.63631460701845
2017-11-22T21:59:59Z,89.1150070837216,73.69682662091527
2017-11-22T22:59:59Z,88.36844242635534,71.49756231734646
2017-11-22T23:59:59Z,88.43580654089241,68.76317107441565
2017-11-23T00:59:59Z,88.71653598965288,69.70440275120299
2017-11-23T01:59:59Z,88.76398918518277,71.18004856736542
2017-11-23T02:59:59Z,88.61988040779886,69.79482509798146
2017-11-23T03:59:59Z,88.08615389505864,72.51274250828023
2017-11-23T04:59:59Z,88.6021943147993,70.89337345744944
2017-11-23T05:59:59Z,89.06949557906113,72.91934782726918
2017-11-23T06:59:59Z,88.7081102056954,74.27720429893944
2017-11-23T07:59:59Z,88.82888995392443,74.78718058374118
2017-11-23T08:59:59Z,88.72541091876387,74.91691482449158
2017-11-23T09:59:59Z,87.25943998409177,69.44077733373966
2017-11-23T10:59:59Z,87.2480756842984,69.03274006786503
2017-11-23T11:59:59Z,89.42766796197064,73.78862341476454
2017-11-23T12:59:59Z,88.78803252065461,72.43763555836219
2017-11-23T13:59:59Z,89.05923994488546,73.22477586621923
2017-11-23T14:59:59Z,89.10948000321798,72.94700663175338
2017-11-23T15:59:59Z,88.99620741556203,73.81329621725287
2017-11-23T16:59:59Z,88.89170777533514,71.8829355600319
2017-11-23T17:59:59Z,87.308884476399,67.16779220207901
2017-11-23T18:59:59Z,88.94938026899332,72.03553740325523
2017-11-23T19:59:59Z,89.00531090095824,72.81354533806069
2017-11-23T20:59:59Z,88.89215442562887,72.82484480715776
2017-11-23T21:59:59Z,88.87381863809821,72.00147177240434
2017-11-23T22:59:59Z,88.65276896478419,72.21175166036656
2017-11-23T23:59:59Z,88.95970828010365,69.56609838315002
2017-11-24T00:59:59Z,88.89013064577018,69.30697236414579
2017-11-24T01:59:59Z,89.17090018736216,70.8517132248066
2017-11-24T02:59:59Z,89.14155002884013,70.89479253894578
2017-11-24T03:59:59Z,89.2692317228411,71.44190517310051
2017-11-24T04:59:59Z,89.33074203880729,71.30070700824479
2017-11-24T05:59:59Z,89.19482188379261,68.93552049088937
2017-11-24T06:59:59Z,89.37889760071944,70.9768965812554
2017-11-24T07:59:59Z,89.31849405901198,71.97042389758874
2017-11-24T08:59:59Z,89.20570297763788,72.6277601162111
2017-11-24T09:59:59Z,89.23913425512194,72.21842624906907
2017-11-24T10:59:59Z,88.5898557005296,69.95122457602969
2017-11-24T11:59:59Z,87.9205316924941,66.95367274371493
2017-11-24T12:59:59Z,88.33194945072245,67.72862052043591
2017-11-24T13:59:59Z,87.85572252058603,70.09989772205897
2017-11-24T14:59:59Z,88.66672932614716,70.16713055447984
2017-11-24T15:59:59Z,89.24512876878714,71.89476290095976
2017-11-24T16:59:59Z,89.27207291034274,74.02602641260609
2017-11-24T17:59:59Z,89.22767366024455,74.5644832483066
2017-11-24T18:59:59Z,88.53214186545664,70.97908240076241
2017-11-24T19:59:59Z,88.22038179981706,71.38179151279627
2017-11-24T20:59:59Z,88.55705131330585,73.21948951977478
2017-11-24T21:59:59Z,88.98157690646688,73.30524887819563
2017-11-24T22:59:59Z,88.91804777605144,72.09451248536284
2017-11-24T23:59:59Z,88.72072480911764,72.6699201186895
2017-11-25T00:59:59Z,89.91138966450539,75.04956213992993
2017-11-25T01:59:59Z,90.329239192594,75.66523023037135
2017-11-25T02:59:59Z,90.17027510801722,75.00425717971402
2017-11-25T03:59:59Z,89.05050797970449,72.80607821660855
2017-11-25T04:59:59Z,89.71730916848124,72.07815070202852
2017-11-25T05:59:59Z,89.7690977243011,72.8835984231025
2017-11-25T06:59:59Z,89.10406546571096,71.59881686770439
2017-11-25T07:59:59Z,87.8523562799417,68.12022810590652
2017-11-25T08:59:59Z,88.22680344415875,70.53100019302583
2017-11-25T09:59:59Z,88.88568292217843,73.25171255878439
2017-11-25T10:59:59Z,89.42085674709789,74.28571744816172
2017-11-25T11:59:59Z,89.36871058450362,74.57919874692084
2017-11-25T12:59:59Z,88.52389403575893,73.58160005342089
2017-11-25T13:59:59Z,88.42205770785561,73.37049016099621
2017-11-25T14:59:59Z,88.72129418988493,73.69350028202605
2017-11-25T15:59:59Z,90.52063251591079,75.90295872782106
2017-11-25T16:59:59Z,90.66155240364071,74.40985568612004
2017-11-25T17:59:59Z,90.26564959749219,70.63578201365334
2017-11-25T18:59:59Z,89.8181439284473,70.49872988771065
2017-11-25T19:59:59Z,89.57391369492086,71.2946098189396
2017-11-25T20:59:59Z,89.64124475104661,71.07524409880072
2017-11-25T21:59:59Z,91.00996314812221,73.67902733519885
2017-11-25T22:59:59Z,90.19124951198724,73.10745833267566
2017-11-25T23:59:59Z,89.69365216052172,71.89325704304322
2017-11-26T00:59:59Z,89.62666406201458,72.42262281145337
2017-11-26T01:59:59Z,89.5007366774405,71.96728420740021
2017-11-26T02:59:59Z,89.07736954694349,70.45567136954838
2017-11-26T03:59:59Z,89.47611016470432,72.04343539743974
2017-11-26T04:59:59Z,89.63844156028954,72.5288551188166
2017-11-26T05:59:59Z,90.23663324258297,74.686105152466
2017-11-26T06:59:59Z,89.85094878618685,73.79850435576697
2017-11-26T07:59:59Z,89.5986498688834,71.92088063958454
2017-11-26T08:59:59Z,89.18671586430798,71.33779039197515
2017-11-26T09:59:59Z,89.45975638461185,71.50387724960117
2017-11-26T10:59:59Z,90.19522243689848,73.00170155424529
2017-11-26T11:59:59Z,89.59383267843369,74.16666331509208
2017-11-26T12:59:59Z,89.55058594117446,73.15840766894972
2017-11-26T13:59:59Z,89.07331786821074,70.11455201572866
2017-11-26T14:59:59Z,89.64315089578837,71.53892400583737
2017-11-26T15:59:59Z,89.73314573106283,73.56984379688352
2017-11-26T16:59:59Z,89.74118801958154,74.6464795232649
2017-11-26T17:59:59Z,89.73124532252147,73.69826594111089
2017-11-26T18:59:59Z,90.08687876115518,74.775250798563
2017-11-26T19:59:59Z,89.53649463879161,73.03666487496145
2017-11-26T20:59:59Z,89.31805672500111,72.255538945539
2017-11-26T21:59:59Z,89.76499472447703,73.53629867328219
2017-11-26T22:59:59Z,89.95766491351439,74.36656237855608
2017-11-26T23:59:59Z,90.66637998069844,76.12127033011816
2017-11-27T00:59:59Z,90.69725312863432,76.14810831961847
2017-11-27T01:59:59Z,90.65043161001775,75.97893109382518
2017-11-27T02:59:59Z,90.75567340805719,74.44232766312432
2017-11-27T03:59:59Z,89.77071908727764,71.97513379132683
2017-11-27T04:59:59Z,89.77353381597068,72.3283559327616
2017-11-27T05:59:59Z,89.57721511207228,69.58868113530838
2017-11-27T06:59:59Z,89.55949685733297,71.68013541706131
2017-11-27T07:59:59Z,89.58524879887783,72.46383185971615
2017-11-27T08:59:59Z,89.96671153865297,74.09897800821891
2017-11-27T09:59:59Z,90.45465747271328,74.6014805112431
2017-11-27T10:59:59Z,91.05078543294128,75.1167477730902
2017-11-27T11:59:59Z,90.21156732187431,74.46824761382837
2017-11-27T12:59:59Z,90.28372807375655,74.28811507142
2017-11-27T13:59:59Z,90.63999687365227,74.96691257632457
2017-11-27T14:59:59Z,90.67792025798667,75.62805618157384
2017-11-27T15:59:59Z,90.49225611490824,74.9008584722996
2017-11-27T16:59:59Z,90.08353480227167,70.53258304998347
2017-11-27T17:59:59Z,90.54397665291405,72.3003053396045
2017-11-27T18:59:59Z,91.10012413928814,74.85937923964877
2017-11-27T19:59:59Z,90.6708925843132,75.2640662231297
2017-11-27T20:59:59Z,90.42975473046886,74.78908928913837
2017-11-27T21:59:59Z,90.28745837431597,74.41316642511202
2017-11-27T22:59:59Z,89.73827492289813,73.45445932509682
2017-11-27T23:59:59Z,90.00365801302321,74.61253572696849
2017-11-28T00:59:59Z,90.25157160309601,75.29630890945268
2017-11-28T01:59:59Z,90.46311800172884,75.52841360831944
2017-11-28T02:59:59Z,90.19502221605948,74.85660336635787
2017-11-28T03:59:59Z,90.12197461921401,74.12673566731104
2017-11-28T04:59:59Z,90.2947182104724,75.26976607117614
2017-11-28T05:59:59Z,90.3362888671346,75.82590402652367
2017-11-28T06:59:59Z,90.30053378495019,74.80244784860795
2017-11-28T07:59:59Z,90.16501773332493,71.3593847314446
2017-11-28T08:59:59Z,90.19271699520745,73.19745360740536
2017-11-28T09:59:59Z,89.92490527941068,70.13161119031146
2017-11-28T10:59:59Z,90.15252786841167,70.6162987413113
2017-11-28T11:59:59Z,90.51519204217657,71.1940106443278
2017-11-28T12:59:59Z,90.28244763461844,73.14270620961682
2017-11-28T13:59:59Z,90.64857702811429,74.13746412911836
2017-11-28T14:59:59Z,90.63951527819059,71.80822113913332
2017-11-28T15:59:59Z,90.41037274392869,71.76359375877583
2017-11-28T16:59:59Z,90.98874929793006,74.81527910206351
2017-11-28T17:59:59Z,90.50328354003614,73.78018889649738
2017-11-28T18:59:59Z,90.21367769515176,73.26261665274686
2017-11-28T19:59:59Z,90.44214799180038,74.1195070328266
2017-11-28T20:59:59Z,90.28279780708503,73.81598519347713
2017-11-28T21:59:59Z,90.211971727749,73.32052223583564
2017-11-28T22:59:59Z,90.25553605840635,73.11315829173351
2017-11-28T23:59:59Z,90.43718687579512,73.45119339246423
2017-11-29T00:59:59Z,90.46654100997574,72.98168245154532
2017-11-29T01:59:59Z,90.37932341660235,73.00167112907464
2017-11-29T02:59:59Z,90.30643173499625,72.54224225970411
2017-11-29T03:59:59Z,90.21729251712686,71.31032003524211
2017-11-29T04:59:59Z,90.87036286291824,72.91117852960824
2017-11-29T05:59:59Z,89.35749888754656,68.92263328282064
2017-11-29T06:59:59Z,89.05263611478775,67.90978670025709
2017-11-29T07:59:59Z,89.98866686808488,72.10089532844987
2017-11-29T08:59:59Z,90.01631279477897,73.593797640198
2017-11-29T09:59:59Z,89.84649254647336,73.19221075119707
2017-11-29T10:59:59Z,89.96662189790743,73.41866145255726
2017-11-29T11:59:59Z,89.84655886695968,72.61778528562589
2017-11-29T12:59:59Z,88.49860799261616,70.0135523883651
2017-11-29T13:59:59Z,89.38196458325721,69.27497285133695
2017-11-29T14:59:59Z,90.16900210328566,72.84646783296016
2017-11-29T15:59:59Z,90.74319891517439,74.51777133927473
2017-11-29T16:59:59Z,90.13530551321742,73.75556920682362
2017-11-29T17:59:59Z,90.24971584914378,73.43999619342857
2017-11-29T18:59:59Z,90.10572992829596,72.46345641431455
2017-11-29T19:59:59Z,90.10394203538272,72.99060366111031
2017-11-29T20:59:59Z,89.40098467264522,71.82880579212838
2017-11-29T21:59:59Z,85.08455595261965,65.64080968628707
2017-11-29T22:59:59Z,81.80645161804559,61.61258078267039
2017-11-29T23:59:59Z,83.46215714273974,62.65149199003833
2017-11-30T00:59:59Z,83.73670539720992,60.883539381882514
2017-11-30T01:59:59Z,87.24674819547947,64.30574824187565
2017-11-30T02:59:59Z,87.75497844445609,66.32989975322988
2017-11-30T03:59:59Z,88.9617190323781,69.27542001173912
2017-11-30T04:59:59Z,88.90555875235957,69.41776941059264
2017-11-30T05:59:59Z,88.72521722985418,70.57461670215925
2017-11-30T06:59:59Z,89.17592573194908,70.14382693079405
2017-11-30T07:59:59Z,89.12119610627785,68.04723460533086
2017-11-30T08:59:59Z,88.27637291519117,68.02347181288297
2017-11-30T09:59:59Z,88.02160550144811,65.93185612339403
2017-11-30T10:59:59Z,88.19653475695445,67.54353417083972
2017-11-30T11:59:59Z,88.65861039948521,67.0698215499032
2017-11-30T12:59:59Z,88.54050965891383,68.34961868258118
2017-11-30T13:59:59Z,88.43298187607297,69.71912187153644
2017-11-30T14:59:59Z,89.16289359740809,71.07533651223702
2017-11-30T15:59:59Z,89.23837087041302,70.28754293887974
2017-11-30T16:59:59Z,88.17997119153802,66.32052258350114
2017-11-30T17:59:59Z,87.59662796063726,66.72291735932268
2017-11-30T18:59:59Z,88.47492507365992,68.51568898129503
2017-11-30T19:59:59Z,88.9372421858917,69.66341158919826
2017-11-30T20:59:59Z,88.79019727857917,70.05076540760014
2017-11-30T21:59:59Z,89.72065379447065,71.20474622982978
2017-11-30T22:59:59Z,89.7174269120511,70.87081386081398
2017-11-30T23:59:59Z,89.47051685964807,70.57671011007577
2017-12-01T00:59:59Z,89.36287423311732,69.79326596574263
2017-12-01T01:59:59Z,89.93238232693234,71.41228628297567
2017-12-01T02:59:59Z,89.22100772571913,70.47299826208143
2017-12-01T03:59:59Z,89.27918903615466,69.97601332795031
2017-12-01T04:59:59Z,89.30213084562399,69.60121280540423
2017-12-01T05:59:59Z,89.5705670471126,70.78463369664232
2017-12-01T06:59:59Z,89.89203742310552,71.79547055698748
2017-12-01T07:59:59Z,89.83593667060529,71.73792385644639
2017-12-01T08:59:59Z,89.8592840047819,69.96290475909728
2017-12-01T09:59:59Z,89.89934297378618,69.74466092808608
2017-12-01T10:59:59Z,88.36190115977224,69.0040561793723
2017-12-01T11:59:59Z,88.56019444538201,71.28229130489659
2017-12-01T12:59:59Z,89.3153595922692,72.64348617454843
2017-12-01T13:59:59Z,89.12629042554126,72.85700854424907
2017-12-01T14:59:59Z,88.72743660706278,72.61187379377294
2017-12-01T15:59:59Z,89.65565790147089,74.0672263930954
2017-12-01T16:59:59Z,89.8123107298989,71.34506079189353
2017-12-01T17:59:59Z,89.73107337607509,71.85856973058236
2017-12-01T18:59:59Z,89.25137152307498,72.05748861070205
2017-12-01T19:59:59Z,89.56362028052995,73.28755444008786
2017-12-01T20:59:59Z,89.9378838587312,74.19569515781885
2017-12-01T21:59:59Z,90.03083858594603,73.86407110676065
2017-12-01T22:59:59Z,89.37507698973809,72.62594410047237
2017-12-01T23:59:59Z,89.97301720811713,73.87669087486705
2017-12-02T00:59:59Z,89.81633478206811,74.43596490488156
2017-12-02T01:59:59Z,89.53194070218198,73.48092972160833
2017-12-02T02:59:59Z,89.11789071418063,73.7515625467732
2017-12-02T03:59:59Z,89.65577932773385,73.78976908960391
2017-12-02T04:59:59Z,89.9648015054441,74.26282252346384
2017-12-02T05:59:59Z,89.62708941254427,73.03299511118544
2017-12-02T06:59:59Z,89.55710169382496,73.18776019539132
2017-12-02T07:59:59Z,88.13379922743813,69.91767150424874
2017-12-02T08:59:59Z,89.48712677526255,73.84224639658376
2017-12-02T09:59:59Z,90.23345291012417,73.46847363806413
2017-12-02T10:59:59Z,90.26378910770194,73.95576157766543
2017-12-02T11:59:59Z,89.50262341438606,72.53122661464336
2017-12-02T12:59:59Z,89.59757552032526,72.68295713529423
2017-12-02T13:59:59Z,89.51174255915718,73.05770282435157
2017-12-02T14:59:59Z,89.66349438616271,72.72185632833131
2017-12-02T15:59:59Z,89.83172665756926,72.06848211523258
2017-12-02T16:59:59Z,89.87263169436251,70.55106583746999
2017-12-02T17:59:59Z,89.93771077683168,72.69543984518832
2017-12-02T18:59:59Z,89.67108429409632,72.04234422412611
2017-12-02T19:59:59Z,90.19152862006048,72.84798481226589
2017-12-02T20:59:59Z,89.59090976997236,71.79185789819263
2017-12-02T21:59:59Z,88.9092876059571,67.9073650212298
2017-12-02T22:59:59Z,88.48547097343351,67.77628062664016
2017-12-02T23:59:59Z,89.06950190422428,70.35202622342403
2017-12-03T00:59:59Z,89.25791060394279,72.3844803468798
2017-12-03T01:59:59Z,89.7399819578511,72.88646691641992
2017-12-03T02:59:59Z,89.50649978023993,69.99721935808515
2017-12-03T03:59:59Z,89.01870855621837,69.87869899441988
2017-12-03T04:59:59Z,89.31386828359778,72.23027000317347
2017-12-03T05:59:59Z,89.80647167516766,73.53316409678604
2017-12-03T06:59:59Z,89.66038290815027,73.27714122906445
2017-12-03T07:59:59Z,89.43591349462963,71.64327858305721
2017-12-03T08:59:59Z,89.58157760749391,71.89275442679511
2017-12-03T09:59:59Z,89.75949527232365,73.21947101335923
2017-12-03T10:59:59Z,89.92963836078123,73.60734399721521
2017-12-03T11:59:59Z,89.61024534007605,72.47134800306065
2017-12-03T12:59:59Z,89.55492615232428,72.7170187286148
2017-12-03T13:59:59Z,89.5856280973034,72.143094975323
2017-12-03T14:59:59Z,85.50082556220536,66.74830983759031
2017-12-03T15:59:59Z,89.2619244482445,72.71780813061648
2017-12-03T16:59:59Z,89.00157629442133,72.05274635626228
2017-12-03T17:59:59Z,89.36508702787087,73.50025938782451
2017-12-03T18:59:59Z,89.28928682796145,73.21364401020237
2017-12-03T19:59:59Z,89.30193008877427,72.61897586708147
2017-12-03T20:59:59Z,89.57722954397316,73.99092590149793
2017-12-03T21:59:59Z,89.57236361121164,73.13168357591022
2017-12-03T22:59:59Z,89.72594169695168,73.17706529115361
2017-12-03T23:59:59Z,89.46469678990161,73.31229981857945
2017-12-04T00:59:59Z,89.55841876926092,72.33735275343237
2017-12-04T01:59:59Z,89.46928278508555,71.85818681749812
2017-12-04T02:59:59Z,89.39028223325812,72.41277318940315
2017-12-04T03:59:59Z,89.46789805562211,72.02416746803105
2017-12-04T04:59:59Z,89.51671091388295,69.73826407187684
2017-12-04T05:59:59Z,89.47604258232506,71.77521064575858
2017-12-04T06:59:59Z,89.49722928281,72.59489453673126
2017-12-04T07:59:59Z,89.66184985958834,72.62521033010778
2017-12-04T08:59:59Z,89.70010035076733,72.85546950672746
2017-12-04T09:59:59Z,89.42375240893212,72.3170265792863
2017-12-04T10:59:59Z,89.72134344575062,71.9958301980576
2017-12-04T11:59:59Z,89.74717090306798,72.7599262322817
2017-12-04T12:59:59Z,83.28330143741182,60.77246407968437
2017-12-04T13:59:59Z,82.5423446556397,57.77468864130799
2017-12-04T14:59:59Z,82.78573967998456,58.0746624004821
2017-12-04T15:59:59Z,82.11866829462004,57.50753680622881
2017-12-04T16:59:59Z,81.91309848752884,57.10431220117513
2017-12-04T17:59:59Z,80.96418082745525,54.54048162341399
2017-12-04T18:59:59Z,84.67500540089536,61.2677419555558
2017-12-04T19:59:59Z,85.16543080728448,63.42887664015763
2017-12-04T20:59:59Z,87.14120074754135,66.2212643073416
2017-12-04T21:59:59Z,87.97156613550207,68.74883041496801
2017-12-04T22:59:59Z,88.4104927902694,68.89965955504104
2017-12-04T23:59:59Z,87.96701564652717,68.48111532078576
2017-12-05T00:59:59Z,88.03654524734695,69.04779820376717
2017-12-05T01:59:59Z,88.34504394986119,71.21118884677031
2017-12-05T02:59:59Z,89.09783400569928,73.04330808765937
2017-12-05T03:59:59Z,88.64886739968962,71.84511176605277
2017-12-05T04:59:59Z,88.40104795417214,72.06721619243604
2017-12-05T05:59:59Z,87.85831007402406,70.65410924704419
2017-12-05T06:59:59Z,87.9045876464556,69.90068886515539
2017-12-05T07:59:59Z,88.07574013262315,70.24497137037183
2017-12-05T08:59:59Z,88.25679747131453,68.70436012871264
2017-12-05T09:59:59Z,87.03089428334037,66.21960561098163
2017-12-05T10:59:59Z,87.44159477491807,68.90384163466335
2017-12-05T11:59:59Z,88.1025641639955,71.44205340905184
2017-12-05T12:59:59Z,87.98622928282843,72.23370812378646
2017-12-05T13:59:59Z,87.7325090539146,71.71817699460479
2017-12-05T14:59:59Z,88.61388345039927,72.32642488111115
2017-12-05T15:59:59Z,87.08081500503317,66.81046185378827
2017-12-05T16:59:59Z,86.4434922761938,64.06682201275288
2017-12-05T17:59:59Z,84.10221311999649,62.79978716026627
2017-12-05T18:59:59Z,87.37511354829012,68.20777946014324
2017-12-05T19:59:59Z,88.33720328213485,69.97547992890458
2017-12-05T20:59:59Z,85.9107050767404,66.83025788139248
2017-12-05T21:59:59Z,85.12624944840734,63.130828074533724
2017-12-05T22:59:59Z,86.90921469981157,64.97579286093479
2017-12-05T23:59:59Z,88.19320802562815,70.13213415566415
2017-12-06T00:59:59Z,88.71139927530561,71.50703138447707
2017-12-06T01:59:59Z,87.87595920354659,69.39537991332998
2017-12-06T02:59:59Z,87.43279622790821,68.62550078438292
2017-12-06T03:59:59Z,88.24500123558828,67.89345276141472
2017-12-06T04:59:59Z,85.40324074242899,66.20831285654864
2017-12-06T05:59:59Z,87.19796116278765,68.35671836468862
2017-12-06T06:59:59Z,88.21612835002456,70.00078882598743
2017-12-06T07:59:59Z,87.89317882663602,69.52478739013678
2017-12-06T08:59:59Z,87.83087163480478,68.53607799589945
2017-12-06T09:59:59Z,88.41787540900106,69.96212132779756
2017-12-06T10:59:59Z,88.68133898377884,71.79106308027077
2017-12-06T11:59:59Z,88.49200717871328,71.1275473771574
2017-12-06T12:59:59Z,88.49256833594477,70.90988935487545
2017-12-06T13:59:59Z,87.44600955473317,68.67039303197603
2017-12-06T14:59:59Z,87.79945048103822,69.12271018016872
2017-12-06T15:59:59Z,88.5477710353689,70.73300233381907
2017-12-06T16:59:59Z,88.1997418457193,69.59937041282978
2017-12-06T17:59:59Z,87.64822507121006,69.15564334580357
2017-12-06T18:59:59Z,88.07754868052548,69.85357206797937
2017-12-06T19:59:59Z,88.05226965104445,71.09167309538338
2017-12-06T20:59:59Z,87.78388615214641,69.7996859398025
2017-12-06T21:59:59Z,87.7627358320431,70.91131313196523
2017-12-06T22:59:59Z,87.73289169553293,71.60637944210117
2017-12-06T23:59:59Z,87.67918358880758,71.98195131202118
2017-12-07T00:59:59Z,87.89220226646178,72.28289018135257
2017-12-07T01:59:59Z,87.45277203848131,71.66718983683572
2017-12-07T02:59:59Z,87.95688615628524,72.44925956286396
2017-12-07T03:59:59Z,88.14824469554196,72.6964297110115
2017-12-07T04:59:59Z,87.94416369342088,72.32210497506368
2017-12-07T05:59:59Z,88.57029446797515,73.29176139751833
2017-12-07T06:59:59Z,88.4484097101592,72.94538857090652
2017-12-07T07:59:59Z,87.81896251546692,70.78981282111116
2017-12-07T08:59:59Z,86.85400674749947,70.24776914354597
2017-12-07T09:59:59Z,87.46525586695059,71.86155771073203
2017-12-07T10:59:59Z,87.28148860640512,71.52920282243298
2017-12-07T11:59:59Z,87.58495890923302,72.56802941671705
2017-12-07T12:59:59Z,87.97814731789141,71.69520902077532
2017-12-07T13:59:59Z,87.77661474870077,71.01574602019238
2017-12-07T14:59:59Z,87.73550877510657,71.80529371574929
2017-12-07T15:59:59Z,87.99273481326577,71.96711177369166
2017-12-07T16:59:59Z,88.11942942965607,72.36180619702822
2017-12-07T17:59:59Z,87.58543648791074,71.33079005127962
2017-12-07T18:59:59Z,88.5392066040291,73.16383452023676
2017-12-07T19:59:59Z,87.50302509760843,71.0180037244588
2017-12-07T20:59:59Z,87.06945929637487,69.22612340277522
2017-12-07T21:59:59Z,87.48374422675992,70.37264835044712
2017-12-07T22:59:59Z,87.46863677512859,71.0280653952442
2017-12-07T23:59:59Z,86.56334579766394,67.67719278042973
2017-12-08T00:59:59Z,87.11003645936296,70.0494351784372
2017-12-08T01:59:59Z,86.97250688373289,68.60444214737453
2017-12-08T02:59:59Z,85.5812596429355,65.69384762873224
2017-12-08T03:59:59Z,87.78558569187953,72.77330925551662
2017-12-08T04:59:59Z,86.74138200983828,70.84284118283229
2017-12-08T05:59:59Z,84.47239874845016,67.2312518460904
2017-12-08T06:59:59Z,87.14633263005472,71.9952553736291
2017-12-08T07:59:59Z,88.0399186064695,72.52065840976162
2017-12-08T08:59:59Z,87.70496385564518,71.25717655457127
2017-12-08T09:59:59Z,88.03007963488024,71.84005340883154
2017-12-08T10:59:59Z,88.84274281071619,73.36400707541421
2017-12-08T11:59:59Z,88.59957178010605,72.4288319996739
2017-12-08T12:59:59Z,86.72860476905585,67.13180784558182
2017-12-08T13:59:59Z,87.12419915772091,67.63086401574245
2017-12-08T14:59:59Z,87.30010348391541,70.67146993609337
2017-12-08T15:59:59Z,87.92275399050429,72.18474205706275
2017-12-08T16:59:59Z,88.54962125834298,73.40728105040208
2017-12-08T17:59:59Z,88.39419113868219,73.16272848334665
2017-12-08T18:59:59Z,88.16454686834841,70.1400727085393
2017-12-08T19:59:59Z,87.15057182172042,66.78152508576053
2017-12-08T20:59:59Z,87.60362411633785,69.23185420738326
2017-12-08T21:59:59Z,87.66000486417609,69.69557154465491
2017-12-08T22:59:59Z,87.40310652821012,69.60393933482739
2017-12-08T23:59:59Z,87.4529671554436,69.84654113791767
2017-12-09T00:59:59Z,87.8607863646743,69.8662138356296
2017-12-09T01:59:59Z,87.97547555514383,69.97529630860564
2017-12-09T02:59:59Z,87.02081762130099,68.53583617407953
2017-12-09T03:59:59Z,87.00525525410296,69.69120701350558
2017-12-09T04:59:59Z,87.85671676766924,71.06385538727417
2017-12-09T05:59:59Z,88.18342024473527,72.07629228528168
2017-12-09T06:59:59Z,87.86333661977419,71.7016500724895
2017-12-09T07:59:59Z,87.71340806688572,71.69811143523188
2017-12-09T08:59:59Z,87.5571964301779,70.10561247260966
2017-12-09T09:59:59Z,87.94336687297088,70.78623437995455
2017-12-09T10:59:59Z,88.08218595763786,71.15259430465106
2017-12-09T11:59:59Z,87.93154773413328,70.60631139431223
2017-12-09T12:59:59Z,86.87222239691157,68.9182818130814
2017-12-09T13:59:59Z,87.22720853596344,69.12952950390816
2017-12-09T14:59:59Z,86.8200946196946,68.85095547272017
2017-12-09T15:59:59Z,87.77515063822726,72.09029346077338
2017-12-09T16:59:59Z,87.56207658518831,70.91963120802613
2017-12-09T17:59:59Z,87.05496428591925,68.936987522128
2017-12-09T18:59:59Z,87.09158990597307,70.73607669120399
2017-12-09T19:59:59Z,88.09298079202517,73.10456125442504
2017-12-09T20:59:59Z,87.53193504804456,69.57530672434346
2017-12-09T21:59:59Z,87.43087223477221,71.91752240863308
2017-12-09T22:59:59Z,87.9321970815768,73.52038866253186
2017-12-09T23:59:59Z,88.38341701446048,71.1991339029171
2017-12-10T00:59:59Z,88.31695881033477,71.2587717500822
2017-12-10T01:59:59Z,87.93733698411559,71.2342501221129
2017-12-10T02:59:59Z,87.35413932738953,69.1950937469941
2017-12-10T03:59:59Z,87.88726634482175,69.55534604861201
2017-12-10T04:59:59Z,88.23496762331528,72.27372470675265
2017-12-10T05:59:59Z,87.96100973981675,71.96624553522004
2017-12-10T06:59:59Z,87.96790079240289,69.08927524871676
2017-12-10T07:59:59Z,87.63310854449185,68.04087087418792
2017-12-10T08:59:59Z,87.69045023615588,68.11691558976064
2017-12-10T09:59:59Z,87.09515710181837,68.63995784364346
2017-12-10T10:59:59Z,86.35276327183749,67.41295481110497
2017-12-10T11:59:59Z,87.83283623755342,70.81827473315887
2017-12-10T12:59:59Z,87.64303357526205,72.07248892957014
2017-12-10T13:59:59Z,87.96155333739232,71.7013294536375
2017-12-10T14:59:59Z,88.06710804689503,72.46646960334184
2017-12-10T15:59:59Z,87.75038543358117,70.70215061372204
2017-12-10T16:59:59Z,86.65299133388176,66.68553932680402
2017-12-10T17:59:59Z,86.84386341960094,68.15118616276672
2017-12-10T18:59:59Z,87.08963502024817,70.02899507609119
2017-12-10T19:59:59Z,87.32726015902784,69.72226697906655
2017-12-10T20:59:59Z,87.0212590190511,70.58198753781733
2017-12-10T21:59:59Z,87.23422824897675,69.18055992947636
2017-12-10T22:59:59Z,87.37658674496465,71.312945344073
2017-12-10T23:59:59Z,87.36026362672719,71.86371942319363
2017-12-11T00:59:59Z,87.23436901538143,71.28905474649054
2017-12-11T01:59:59Z,87.3227378112294,71.05282057758804
2017-12-11T02:59:59Z,87.22279722621745,71.9260537727618
2017-12-11T03:59:59Z,87.20650249579519,71.02187379714316
2017-12-11T04:59:59Z,86.52350322272214,70.40561142936903
2017-12-11T05:59:59Z,86.68093670807406,70.92782061541925
2017-12-11T06:59:59Z,86.79314149447293,70.86736923000677
2017-12-11T07:59:59Z,87.24081044865092,72.38451152964478
2017-12-11T08:59:59Z,87.07556047559139,72.44788629925823
2017-12-11T09:59:59Z,86.58438658190403,70.08219266288192
2017-12-11T10:59:59Z,87.03648319352196,70.2566409813275
2017-12-11T11:59:59Z,87.12085906147047,72.45470253705096
2017-12-11T12:59:59Z,87.04362964812587,71.67452658847206
2017-12-11T13:59:59Z,86.98068553367598,72.0701198751518
2017-12-11T14:59:59Z,86.99788854250478,71.82023239113921
2017-12-11T15:59:59Z,87.15386256062932,72.43838646965449
2017-12-11T16:59:59Z,86.77901273845201,71.18421005110389
2017-12-11T17:59:59Z,86.8993139574127,70.06198836656779
2017-12-11T18:59:59Z,86.13791253199442,68.89306726993505
2017-12-11T19:59:59Z,84.17625549959403,66.25544472029617
2017-12-11T20:59:59Z,87.37232592137207,72.73687205579054
2017-12-11T21:59:59Z,87.91935036730744,74.1427794552095
2017-12-11T22:59:59Z,87.93579618387571,71.2616226341529
2017-12-11T23:59:59Z,83.65992615748,65.34521987443867
2017-12-12T00:59:59Z,81.09827329845979,60.33211889773746
2017-12-12T01:59:59Z,81.73845215281155,60.47897390988188
2017-12-12T02:59:59Z,85.64010581255708,67.0049304478926
2017-12-12T03:59:59Z,86.31121453518286,69.12667585983155
2017-12-12T04:59:59Z,86.00270425974931,67.04641464760302
2017-12-12T05:59:59Z,81.33338848300686,62.42316421621461
2017-12-12T06:59:59Z,86.4292857185485,69.99606680569391
2017-12-12T07:59:59Z,81.59305315848171,63.019712161902426
2017-12-12T08:59:59Z,86.40039147010823,71.11589900833458
2017-12-12T09:59:59Z,87.10350225361454,72.91092224733833
2017-12-12T10:59:59Z,87.19254145810112,71.9370967317641
2017-12-12T11:59:59Z,87.0383675851075,70.14471241082863
2017-12-12T12:59:59Z,87.39034208387238,70.40606142547693
2017-12-12T13:59:59Z,87.98594259851477,72.00450497247715
2017-12-12T14:59:59Z,87.58273167785971,69.05560970822619
2017-12-12T15:59:59Z,87.99099360586122,70.14941868820455
2017-12-12T16:59:59Z,87.9636990933811,69.93256361591392
2017-12-12T17:59:59Z,87.97665473914499,70.5540924940424
2017-12-12T18:59:59Z,88.61627144936988,70.79935694307709
2017-12-12T19:59:59Z,88.46376431309808,70.5715662061411
2017-12-12T20:59:59Z,88.21091820424977,67.9369981123927
2017-12-12T21:59:59Z,88.87200049703364,69.22404972251243
2017-12-12T22:59:59Z,88.34004487085194,69.66814593026872
2017-12-12T23:59:59Z,87.96317713927851,67.70500318205815
2017-12-13T00:59:59Z,88.1730856809243,68.8538633013742
2017-12-13T01:59:59Z,87.89387133363077,68.78643687016789
2017-12-13T02:59:59Z,87.67389791136638,68.54500058075676
2017-12-13T03:59:59Z,87.96538265640511,70.67261025438721
2017-12-13T04:59:59Z,88.60107415089044,72.8698349535383
2017-12-13T05:59:59Z,88.33091732669891,71.3500501319324
2017-12-13T06:59:59Z,88.54457595730753,71.02654899839683
2017-12-13T07:59:59Z,88.195473513962,70.7100480678185
2017-12-13T08:59:59Z,88.25492119488193,70.006121013814
2017-12-13T09:59:59Z,88.00105024678707,69.19605970692369
2017-12-13T10:59:59Z,88.82032570031213,71.53003703392113
2017-12-13T11:59:59Z,88.89587372266634,70.27417171017676
2017-12-13T12:59:59Z,88.92398080278372,69.97137767214359
2017-12-13T13:59:59Z,89.21614570419888,70.46973181865546
2017-12-13T14:59:59Z,84.76577818153872,62.504286391688574
2017-12-13T15:59:59Z,81.04406095313206,58.73986469822617
2017-12-13T16:59:59Z,85.9904632413939,65.60742627372713
2017-12-13T17:59:59Z,86.99697959461525,66.97130691369915
2017-12-13T18:59:59Z,88.1048630992154,67.79113261413983
2017-12-13T19:59:59Z,88.38560654424616,69.91922813145283
2017-12-13T20:59:59Z,87.68101643820931,68.55824591851622
2017-12-13T21:59:59Z,87.63730003685049,66.78635093146201
2017-12-13T22:59:59Z,88.79123831261013,69.53937655140918
2017-12-13T23:59:59Z,89.26946963436517,71.01809047699292
2017-12-14T00:59:59Z,89.14594900452092,69.1248565289802
2017-12-14T01:59:59Z,88.73778061349485,67.11708384181384
2017-12-14T02:59:59Z,88.88836738843521,69.43930411424452
2017-12-14T03:59:59Z,88.24105449474793,67.44246565266553
2017-12-14T04:59:59Z,88.49539195637061,68.82358116155108
2017-12-14T05:59:59Z,89.05360672871318,71.23348453764488
2017-12-14T06:59:59Z,88.03808991480679,68.41584589448186
2017-12-14T07:59:59Z,88.4939029029285,69.53173431602153
2017-12-14T08:59:59Z,88.05388846118596,68.95201418658779
2017-12-14T09:59:59Z,88.3590826800207,70.18884952350614
2017-12-14T10:59:59Z,87.94895757660618,69.8734853037001
2017-12-14T11:59:59Z,88.66719661202346,71.12165748082204
2017-12-14T12:59:59Z,88.2143625387492,71.26295480115726
2017-12-14T13:59:59Z,87.14727516977405,69.4667401068313
2017-12-14T14:59:59Z,86.96969248817743,69.29138205794483
2017-12-14T15:59:59Z,86.84108582101366,68.80258619697648
2017-12-14T16:59:59Z,86.79145810795825,67.10343199076347
2017-12-14T17:59:59Z,87.58865015286615,70.49120665411131
2017-12-14T18:59:59Z,87.81955492225136,71.9223571139942
2017-12-14T19:59:59Z,88.52191083291218,72.91066793089186
2017-12-14T20:59:59Z,87.59157517920364,71.42916753612437
2017-12-14T21:59:59Z,86.84975375423994,69.8502916021105
2017-12-14T22:59:59Z,87.43347061762536,68.40000011170123
2017-12-14T23:59:59Z,87.96057311298314,68.42807027706357
2017-12-15T00:59:59Z,85.7557518811747,65.99449965695682
2017-12-15T01:59:59Z,85.11877058959784,65.39794841941197
2017-12-15T02:59:59Z,85.25935863466742,65.6252605258262
2017-12-15T03:59:59Z,87.24338330476446,68.07795859519372
2017-12-15T04:59:59Z,85.74264397682794,68.36735291068413
2017-12-15T05:59:59Z,86.95647391327115,68.36139481567307
2017-12-15T06:59:59Z,87.92635398808632,68.8505796704517
2017-12-15T07:59:59Z,85.52669637244436,65.23420950007079
2017-12-15T08:59:59Z,86.10602450105416,65.36030869636639
2017-12-15T09:59:59Z,84.13384668518641,62.07890732071607
2017-12-15T10:59:59Z,83.77411734364135,61.95287230374552
2017-12-15T11:59:59Z,85.565739838791,63.36159638503471
2017-12-15T12:59:59Z,86.00193409828921,65.1806668604828
2017-12-15T13:59:59Z,87.15678350736873,64.3657886903769
2017-12-15T14:59:59Z,87.05346746125383,65.03469130793442
2017-12-15T15:59:59Z,87.34676237312503,65.64067872561404
2017-12-15T16:59:59Z,87.96844572635837,67.39966506710132
2017-12-15T17:59:59Z,89.28741337384906,70.97083244383049
2017-12-15T18:59:59Z,89.04580467507434,69.90226282602322
2017-12-15T19:59:59Z,88.37198909425922,69.16858910069033
2017-12-15T20:59:59Z,87.97133354140044,67.99883804281433
2017-12-15T21:59:59Z,86.9327611897374,65.6787155092561
2017-12-15T22:59:59Z,84.78260513937234,65.89785590744901
2017-12-15T23:59:59Z,86.63031751840218,68.7062651014794
2017-12-16T00:59:59Z,88.64872996036767,72.11194887660622
2017-12-16T01:59:59Z,89.16038014248129,71.1726501983887
2017-12-16T02:59:59Z,88.20920467997716,69.23177656696618
2017-12-16T03:59:59Z,88.02599064962943,67.56741685369275
2017-12-16T04:59:59Z,88.3575746120888,67.21398961047268
2017-12-16T05:59:59Z,80.41345943968723,57.93424715004577
2017-12-16T06:59:59Z,79.15729065518879,53.94339532156053
2017-12-16T07:59:59Z,79.874506961727,54.09720346769938
2017-12-16T08:59:59Z,79.5309039868175,54.57775411302859
2017-12-16T09:59:59Z,79.24230148538875,54.24191749568002
2017-12-16T10:59:59Z,79.16996573069169,53.83829601331401
2017-12-16T11:59:59Z,78.73076095398761,53.24209790874565
2017-12-16T12:59:59Z,78.6762019189231,53.465528819793924
2017-12-16T13:59:59Z,78.48430886534618,54.39351253169782
2017-12-16T14:59:59Z,78.53561859208553,54.72829273966997
2017-12-16T15:59:59Z,78.45655377306383,53.84273768974611
2017-12-16T16:59:59Z,78.04767977170452,53.400794678941324
2017-12-16T17:59:59Z,78.19573383063165,54.02108522804397
2017-12-16T18:59:59Z,78.34361062739767,54.39621085847977
2017-12-16T19:59:59Z,78.1302174777581,53.97161219509665
2017-12-16T20:59:59Z,78.15746855399335,53.89787229115278
2017-12-16T21:59:59Z,79.03992354719715,57.43034377592471
2017-12-16T22:59:59Z,79.18802679207471,56.8806181533154
2017-12-16T23:59:59Z,80.50448145297634,58.84422909772734
2017-12-17T00:59:59Z,80.259294674321,58.651497334218476
2017-12-17T01:59:59Z,79.60536261523208,58.66607276696228
2017-12-17T02:59:59Z,79.85045703636602,59.6679698906236
2017-12-17T03:59:59Z,80.05760383659278,59.18584653550735
2017-12-17T04:59:59Z,79.9841951688515,58.73045644225769
2017-12-17T05:59:59Z,79.32835720287164,58.6970586135303
2017-12-17T06:59:59Z,79.0581760724664,58.03622803813945
2017-12-17T07:59:59Z,77.31387486737339,56.507007864129974
2017-12-17T08:59:59Z,76.33527989533353,54.92386279306644
2017-12-17T09:59:59Z,77.9297615218016,56.41070230380592
2017-12-17T10:59:59Z,76.50898901992154,54.074144067809904
2017-12-17T11:59:59Z,78.9446866225699,52.94209067507317
2017-12-17T12:59:59Z,78.60594709409803,56.503836130791726
2017-12-17T13:59:59Z,82.5589308690376,59.308542240172045
2017-12-17T14:59:59Z,84.2030602244049,64.36625103316423
2017-12-17T15:59:59Z,85.6054634634781,67.10973848174447
2017-12-17T16:59:59Z,86.01260560392525,65.7023003638216
2017-12-17T17:59:59Z,86.252734955073,64.29131299640613
2017-12-17T18:59:59Z,87.31099883534745,66.39244410228753
2017-12-17T19:59:59Z,87.10727948501967,66.98692020613093
2017-12-17T20:59:59Z,86.53359268475909,66.5327168964661
2017-12-17T21:59:59Z,85.7261332583838,66.06373041941805
2017-12-17T22:59:59Z,86.14557556888052,66.62172811048276
2017-12-17T23:59:59Z,88.84052142546186,70.68055574171169
2017-12-18T00:59:59Z,88.56782370106839,70.0430972156829
2017-12-18T01:59:59Z,87.87601437700137,67.3840173772161
2017-12-18T02:59:59Z,88.0976847438393,65.3277206822605
2017-12-18T03:59:59Z,88.46868003454551,64.34639033362117
2017-12-18T04:59:59Z,88.25921458727441,65.24231853377496
2017-12-18T05:59:59Z,87.39056138857364,63.10263684134796
2017-12-18T06:59:59Z,88.64212177017892,66.659456890163
2017-12-18T07:59:59Z,89.21002406268077,68.53195362239958
2017-12-18T08:59:59Z,88.61517182447471,66.64356928864574
2017-12-18T09:59:59Z,89.19893033599887,68.2027328666691
2017-12-18T10:59:59Z,88.96068049774563,67.06601343757394
2017-12-18T11:59:59Z,88.93810206971101,67.06194220086394
2017-12-18T12:59:59Z,89.53618525851219,68.69796541156443
2017-12-18T13:59:59Z,91.51547796463035,70.61379151439985
2017-12-18T14:59:59Z,91.07200167570473,69.40733401306305
2017-12-18T15:59:59Z,91.11806671481027,69.35802887066298
2017-12-18T16:59:59Z,90.0893482049617,68.94478400899327
2017-12-18T17:59:59Z,90.66112795101621,68.43978608826829
2017-12-18T18:59:59Z,90.98062909495802,69.76049967160257
2017-12-18T19:59:59Z,91.48325005150527,70.42550518333692
2017-12-18T20:59:59Z,91.39966513517298,69.32345660771936
2017-12-18T21:59:59Z,91.14430969312032,68.7754872187627
2017-12-18T22:59:59Z,90.58349941945683,67.96421143536529
2017-12-18T23:59:59Z,89.73801768029386,66.90456345786271
2017-12-19T00:59:59Z,90.4274814040704,68.93420841173992
2017-12-19T01:59:59Z,91.29955386184479,69.5314568399747
2017-12-19T02:59:59Z,90.65015758899501,68.56725618366315
2017-12-19T03:59:59Z,90.87965890259836,67.64054509500077
2017-12-19T04:59:59Z,90.80021088743581,68.22353663658025
2017-12-19T05:59:59Z,89.29114010906795,66.62819861319099
2017-12-19T06:59:59Z,90.11303752845674,68.32711215550768
2017-12-19T07:59:59Z,90.19955593259537,69.27131727241932
2017-12-19T08:59:59Z,90.24842555759814,69.77834370662192
2017-12-19T09:59:59Z,91.59462756094281,71.57003747358804
2017-12-19T10:59:59Z,90.84688823249519,71.03505552770922
2017-12-19T11:59:59Z,91.20390134121874,71.78137516486191
2017-12-19T12:59:59Z,91.28056256663281,72.58107846225303
2017-12-19T13:59:59Z,90.9153469286303,71.81549440315786
2017-12-19T14:59:59Z,90.84239813196503,70.69506097869827
2017-12-19T15:59:59Z,90.37207383624308,69.78058440992504
2017-12-19T16:59:59Z,90.86087676141231,70.72418847109014
2017-12-19T17:59:59Z,91.22599981649209,72.15902041019609
2017-12-19T18:59:59Z,91.03429751112508,71.50201938257891
2017-12-19T19:59:59Z,90.70737607083542,71.22060318610094
2017-12-19T20:59:59Z,90.65791070672456,70.17530216822671
2017-12-19T21:59:59Z,90.03926795072807,67.77479046216095
2017-12-19T22:59:59Z,90.43534656344279,69.55306674042227
2017-12-19T23:59:59Z,89.73844687596507,69.43866771706736
2017-12-20T00:59:59Z,91.43129380416417,72.09371202587675
2017-12-20T01:59:59Z,91.48662640197239,71.05536590025687
2017-12-20T02:59:59Z,92.00865102228018,69.89094430648674
2017-12-20T03:59:59Z,91.5255183835449,69.07647880621067
2017-12-20T04:59:59Z,90.22998304548332,65.93706221167548
2017-12-20T05:59:59Z,90.85638613927989,68.53190217133984
2017-12-20T06:59:59Z,91.47212090610053,70.63000147710703
2017-12-20T07:59:59Z,91.37831689985688,70.72871465104839
2017-12-20T08:59:59Z,91.17141919902376,69.78966873190346
2017-12-20T09:59:59Z,91.04361042355414,69.74876506818133
2017-12-20T10:59:59Z,91.09913042595223,70.40390546102807
2017-12-20T11:59:59Z,90.73767088459535,69.57740983411115
2017-12-20T12:59:59Z,91.20793586431857,70.29718233811757
2017-12-20T13:59:59Z,91.05916337099997,70.63826831132907
2017-12-20T14:59:59Z,91.33369444456115,71.47623640648312
2017-12-20T15:59:59Z,91.57347436215548,71.6366779276825
2017-12-20T16:59:59Z,91.75957119203572,70.37074738093071
2017-12-20T17:59:59Z,91.07284861525648,69.68466520313406
2017-12-20T18:59:59Z,91.05739866293327,70.102175048898
2017-12-20T19:59:59Z,90.26747919547505,68.24968337264687
2017-12-20T20:59:59Z,90.17965306783238,69.34737128409849
2017-12-20T21:59:59Z,90.84666646639141,70.6956194631228
2017-12-20T22:59:59Z,90.26802112060152,69.51230000455075
2017-12-20T23:59:59Z,90.84911485240809,69.6365565618557
2017-12-21T00:59:59Z,90.93109953963939,69.77627344298423
2017-12-21T01:59:59Z,90.5050658524488,68.9807167232956
2017-12-21T02:59:59Z,90.14757301402484,68.93169925928733
2017-12-21T03:59:59Z,89.39496035922382,68.00271704690334
2017-12-21T04:59:59Z,90.82659165175176,69.36868345620968
2017-12-21T05:59:59Z,90.76829190987895,68.90124553434248
2017-12-21T06:59:59Z,90.52664114335396,68.44452476429146
2017-12-21T07:59:59Z,90.90179798983085,70.8792215723526
2017-12-21T08:59:59Z,90.82037125013123,70.30955077411569
2017-12-21T09:59:59Z,91.04764769966839,70.27190958665625
2017-12-21T10:59:59Z,91.12700997116076,70.21934330332843
2017-12-21T11:59:59Z,90.97862453814359,70.16719657838857
2017-12-21T12:59:59Z,88.56890547572887,66.86762561355206
2017-12-21T13:59:59Z,91.28464252197311,70.73253250475398
2017-12-21T14:59:59Z,91.78608453943836,69.49084968666894
2017-12-21T15:59:59Z,92.05926792076168,67.50246427220803
2017-12-21T16:59:59Z,91.96167535159277,67.24037211608213
2017-12-21T17:59:59Z,91.85068080255057,68.0618400732844
2017-12-21T18:59:59Z,91.97246259807487,69.69832719517457
2017-12-21T19:59:59Z,91.82363947250364,69.61100566993417
2017-12-21T20:59:59Z,92.3736852397303,70.6292001349001
2017-12-21T21:59:59Z,92.33672529300584,70.67347534259996
2017-12-21T22:59:59Z,91.56732619896225,70.07644002713884
2017-12-21T23:59:59Z,91.61793144327822,69.01110352241894
2017-12-22T00:59:59Z,92.12171095254534,70.56773614335704
2017-12-22T01:59:59Z,92.03502974194895,70.81353949089508
2017-12-22T02:59:59Z,91.81280594150319,70.28358473138513
2017-12-22T03:59:59Z,91.88119289893639,70.6965998583825
2017-12-22T04:59:59Z,92.00677779856751,71.23706479640099
2017-12-22T05:59:59Z,92.02218970424786,71.09871769172338
2017-12-22T06:59:59Z,91.54010049984966,70.36531573988556
2017-12-22T07:59:59Z,90.5854077598405,71.2889260181239
2017-12-22T08:59:59Z,89.48875285566089,65.97037675041346
2017-12-22T09:59:59Z,91.00035569261634,67.45705808526522
2017-12-22T10:59:59Z,91.60511183861284,69.48017430483459
2017-12-22T11:59:59Z,91.43363843528516,68.98904649999056
2017-12-22T12:59:59Z,89.03013693382513,67.35927289245512
2017-12-22T13:59:59Z,90.66654120574852,69.36419343839736
2017-12-22T14:59:59Z,91.32703147070659,70.13908342094197
2017-12-22T15:59:59Z,91.99850762375634,70.71653466680198
2017-12-22T16:59:59Z,91.56038380255582,69.63908534572579
2017-12-22T17:59:59Z,91.92566297841934,69.82265743541156
2017-12-22T18:59:59Z,92.0187346333929,69.56034207824185
2017-12-22T19:59:59Z,91.95034418385887,70.72424004304982
2017-12-22T20:59:59Z,92.4454878531187,70.96149557889093
2017-12-22T21:59:59Z,91.70253223750147,70.69012234078394
2017-12-22T22:59:59Z,91.56377873073563,69.76567179107741
2017-12-22T23:59:59Z,91.48060201188623,71.67411627698762
2017-12-23T00:59:59Z,91.63268288040531,69.85922423388284
2017-12-23T01:59:59Z,91.9148700675244,71.60920791037479
2017-12-23T02:59:59Z,91.99631937735673,71.51735722261387
2017-12-23T03:59:59Z,91.87114658296848,71.66508918420034
2017-12-23T04:59:59Z,91.75339074103044,69.07390255057392
2017-12-23T05:59:59Z,91.69664977885809,69.58746769046539
2017-12-23T06:59:59Z,91.7571194136566,70.45996515512444
2017-12-23T07:59:59Z,90.63879138980712,68.99336241277653
2017-12-23T08:59:59Z,91.01808689357563,69.33524795424717
2017-12-23T09:59:59Z,91.61463560623345,71.22458884585308
2017-12-23T10:59:59Z,91.82696406296071,71.76404322269074
2017-12-23T11:59:59Z,92.08708015175908,71.63457645997916
2017-12-23T12:59:59Z,92.10843985107554,71.8753718705701
2017-12-23T13:59:59Z,92.00147867394598,72.26839203457443
2017-12-23T14:59:59Z,91.8397314570966,72.0246098149146
2017-12-23T15:59:59Z,91.91361842790708,73.11180398915413
2017-12-23T16:59:59Z,92.16716536334792,73.12149722533574
2017-12-23T17:59:59Z,91.77222558831237,72.46678948361676
2017-12-23T18:59:59Z,91.90358326956844,71.04547337058456
2017-12-23T19:59:59Z,91.81573238814161,72.62477520788272
2017-12-23T20:59:59Z,91.93699430488203,73.61729139763118
2017-12-23T21:59:59Z,91.83459436396187,73.50237897161743
2017-12-23T22:59:59Z,91.69505576145446,73.27388416924245
2017-12-23T23:59:59Z,91.74560034652016,72.52186553130726
2017-12-24T00:59:59Z,91.5973210646495,73.61200389325913
2017-12-24T01:59:59Z,91.68010581323544,73.57878214464893
2017-12-24T02:59:59Z,86.31984393964596,65.81801005154564
2017-12-24T03:59:59Z,88.17026421006683,69.24908542701887
2017-12-24T04:59:59Z,89.61363524313488,68.00603042804804
2017-12-24T05:59:59Z,90.78892893745983,70.05802636796066
2017-12-24T06:59:59Z,91.05039882700386,72.31251044715015
2017-12-24T07:59:59Z,91.04529770547462,71.89476290071224
2017-12-24T08:59:59Z,91.25353057433676,69.51364292673733
2017-12-24T09:59:59Z,89.98514515715182,67.96418058878365
2017-12-24T10:59:59Z,92.232536899205,73.09725188992294
2017-12-24T11:59:59Z,92.32483531064213,73.71032729600996
2017-12-24T12:59:59Z,91.73344093082493,71.63914508725395
2017-12-24T13:59:59Z,91.90482360866149,71.4269253859662
2017-12-24T14:59:59Z,92.0215924328869,72.33027644089907
2017-12-24T15:59:59Z,92.22897282493311,74.36156677939293
2017-12-24T16:59:59Z,92.222170805529,71.40642001346176
2017-12-24T17:59:59Z,92.34613669576818,71.73575953090875
2017-12-24T18:59:59Z,92.26653565202746,72.47941602938907
2017-12-24T19:59:59Z,92.16464544339091,72.34261515340195
2017-12-24T20:59:59Z,91.49119076512501,68.77056664558201
2017-12-24T21:59:59Z,91.68097424902767,69.38791979448489
2017-12-24T22:59:59Z,91.79231362006222,71.05111198593559
2017-12-24T23:59:59Z,92.19515981993379,72.67103923878311
2017-12-25T00:59:59Z,92.1176803633394,72.72674208955813
2017-12-25T01:59:59Z,92.0256216798097,72.38981939757282
2017-12-25T02:59:59Z,91.87801950837535,72.31622430695508
2017-12-25T03:59:59Z,91.77981291956591,73.77102104841445
2017-12-25T04:59:59Z,92.06207843099439,72.23040645181638
2017-12-25T05:59:59Z,91.76425633001337,71.7189305284154
2017-12-25T06:59:59Z,91.94588435532732,72.31015410248988
2017-12-25T07:59:59Z,91.99052066388246,73.07814565023114
2017-12-25T08:59:59Z,92.39972334298794,73.05732189644766
2017-12-25T09:59:59Z,92.0177366552113,72.18172441424667
2017-12-25T10:59:59Z,91.80907274257356,71.31991780425831
2017-12-25T11:59:59Z,91.850166759023,69.99239796453362
2017-12-25T12:59:59Z,91.68145594170427,70.3861992907162
2017-12-25T13:59:59Z,91.65870379618967,71.2105940760939
2017-12-25T14:59:59Z,91.66390731559694,70.87917640896973
2017-12-25T15:59:59Z,91.75770891556574,72.53971441737916
2017-12-25T16:59:59Z,91.29242715885773,71.9047346378581
2017-12-25T17:59:59Z,90.35413223780255,69.6071146577493
2017-12-25T18:59:59Z,87.82733942325292,64.87509726803685
2017-12-25T19:59:59Z,83.24271041323685,56.23024802452294
2017-12-25T20:59:59Z,85.02929297622133,57.894536283759095
2017-12-25T21:59:59Z,86.7654132128606,60.61657387362852
2017-12-25T22:59:59Z,87.26149605379364,60.24738184121054
2017-12-25T23:59:59Z,87.74278169051514,62.66816223152893
2017-12-26T00:59:59Z,87.19312157890265,60.72849743168888
2017-12-26T01:59:59Z,86.70269271570731,59.46443033674544
2017-12-26T02:59:59Z,87.55151391371199,62.06679155106185
2017-12-26T03:59:59Z,88.0062879753316,61.565865294773275
2017-12-26T04:59:59Z,87.7279754541031,60.62510875291548
2017-12-26T05:59:59Z,88.12475139623355,60.6690174213658
2017-12-26T06:59:59Z,87.3292198658213,61.02056002492269
2017-12-26T07:59:59Z,81.71512589162162,55.1546581408911
2017-12-26T08:59:59Z,86.35479028745091,59.16892145273956
2017-12-26T09:59:59Z,88.5984306538419,63.42549152428018
2017-12-26T10:59:59Z,88.59731005364908,63.317154824070904
2017-12-26T11:59:59Z,88.14896737445508,62.493279578067536
2017-12-26T12:59:59Z,88.10424558648792,63.09922455269547
2017-12-26T13:59:59Z,88.50862610940491,63.45015011989987
2017-12-26T14:59:59Z,86.95354592975052,61.74436674191562
2017-12-26T15:59:59Z,87.9177535598855,61.80670823106441
2017-12-26T16:59:59Z,88.41432017777068,60.67588025178074
2017-12-26T17:59:59Z,88.46919303331872,61.13387210142702
2017-12-26T18:59:59Z,86.62598508085678,60.78392603762219
2017-12-26T19:59:59Z,88.66212629333558,64.89027322693705
2017-12-26T20:59:59Z,90.01422453290759,66.54884753535208
2017-12-26T21:59:59Z,90.87266087517871,69.50128364769131
2017-12-26T22:59:59Z,91.61095728543499,69.92912797540829
2017-12-26T23:59:59Z,91.15282243067168,67.8810603062899
2017-12-27T00:59:59Z,91.19773679023676,70.87056286381659
2017-12-27T01:59:59Z,91.59227863791416,70.28655133560609
2017-12-27T02:59:59Z,91.54951476934536,69.76392372519453
2017-12-27T03:59:59Z,92.23737594961194,70.55216291290661
2017-12-27T04:59:59Z,91.3419356170541,69.26136259115951
2017-12-27T05:59:59Z,90.76926199564794,65.60983878786851
2017-12-27T06:59:59Z,90.82544125754207,66.01944388194364
2017-12-27T07:59:59Z,91.16742034132699,68.11624422990421
2017-12-27T08:59:59Z,91.41333041882861,69.09616762882189
2017-12-27T09:59:59Z,91.2500758987076,68.98959808953983
2017-12-27T10:59:59Z,87.63164998365978,67.68775211870657
2017-12-27T11:59:59Z,87.14383929535448,62.52022119171142
2017-12-27T12:59:59Z,81.02492810999642,55.234261538024555
2017-12-27T13:59:59Z,82.20005776436017,54.10039473661596
2017-12-27T14:59:59Z,82.89530517894052,56.84022434586897
2017-12-27T15:59:59Z,88.43645268471478,64.57359026028223
2017-12-27T16:59:59Z,89.19633737923023,67.20194061957552
2017-12-27T17:59:59Z,89.96750230227902,69.23181614622938
2017-12-27T18:59:59Z,89.7115734183991,68.98929982578018
2017-12-27T19:59:59Z,90.04203670656564,69.58435970493296
2017-12-27T20:59:59Z,90.24733135845285,70.36158036863789
2017-12-27T21:59:59Z,90.92908111230503,71.41730075160862
2017-12-27T22:59:59Z,90.73132183048881,72.24006907697998
2017-12-27T23:59:59Z,91.58443886863854,73.10662080365097
2017-12-28T00:59:59Z,90.84578287713448,71.10406516892589
2017-12-28T01:59:59Z,91.14881613398141,70.51268580319702
2017-12-28T02:59:59Z,91.58026659846844,70.5912624033993
2017-12-28T03:59:59Z,92.52971772743336,70.21751314384937
2017-12-28T04:59:59Z,91.8143455785651,68.44229184013192
2017-12-28T05:59:59Z,90.15612611478379,66.6118919029206
2017-12-28T06:59:59Z,90.02696179914129,67.09046338687534
2017-12-28T07:59:59Z,91.06113158522389,69.02642999459395
2017-12-28T08:59:59Z,91.50930468687199,70.58655169192293
2017-12-28T09:59:59Z,91.75188363474,71.85184452441506
2017-12-28T10:59:59Z,92.1957053596476,71.45206721910448
2017-12-28T11:59:59Z,92.47914103801311,71.33389404013127
2017-12-28T12:59:59Z,92.36525963867992,69.09366447994152
2017-12-28T13:59:59Z,92.68188411677674,67.53070646511725
2017-12-28T14:59:59Z,92.57792577290262,68.59118356890755
2017-12-28T15:59:59Z,92.659277021084,68.61798191636815
2017-12-28T16:59:59Z,92.56861520549482,68.80068926134874
2017-12-28T17:59:59Z,92.64396191988196,70.42690462226732
2017-12-28T18:59:59Z,92.3451748533139,68.90576704231766
2017-12-28T19:59:59Z,92.36669050835712,69.47479235366693
2017-12-28T20:59:59Z,92.52468004528544,68.0402290435864
2017-12-28T21:59:59Z,92.29664134388071,69.10489336774651
2017-12-28T22:59:59Z,92.41284157753951,69.51970522227268
2017-12-28T23:59:59Z,92.23042497913643,68.708171899761
2017-12-29T00:59:59Z,92.26637006381391,69.1321601712716
2017-12-29T01:59:59Z,92.32360475430501,69.27309800832798
2017-12-29T02:59:59Z,92.04354905166592,68.98677648665404
2017-12-29T03:59:59Z,92.03319342354264,69.05272551234279
2017-12-29T04:59:59Z,92.0538822584125,70.5644469111785
2017-12-29T05:59:59Z,91.6676485842665,70.02283126113183
2017-12-29T06:59:59Z,91.76292955747086,70.29080933079987
2017-12-29T07:59:59Z,91.6609943990988,68.20901612390028
2017-12-29T08:59:59Z,91.57783301368568,69.63911265124297
2017-12-29T09:59:59Z,91.73737811059216,70.59316718447415
2017-12-29T10:59:59Z,92.27629527839805,70.80072505785199
2017-12-29T11:59:59Z,92.0188248969144,70.98378178726698
2017-12-29T12:59:59Z,92.0336531875411,69.36084688275709
2017-12-29T13:59:59Z,92.23271428068445,69.22070651127387
2017-12-29T14:59:59Z,92.10122082935702,69.60724156685673
2017-12-29T15:59:59Z,92.44748112379489,70.48972534791992
2017-12-29T16:59:59Z,92.73225232610044,71.84447689213795
2017-12-29T17:59:59Z,92.67437953078206,70.94746576336121
2017-12-29T18:59:59Z,92.3056086818479,70.40932102796087
2017-12-29T19:59:59Z,91.35777467714696,69.15852361957145
2017-12-29T20:59:59Z,91.75404276350605,70.83288004196962
2017-12-29T21:59:59Z,90.66158246494105,69.58154940287768
2017-12-29T22:59:59Z,91.1486883123887,70.60547412668265
2017-12-29T23:59:59Z,91.78918141286215,71.76652165049242
2017-12-30T00:59:59Z,91.97832126991587,72.08697607568264
2017-12-30T01:59:59Z,92.37316591080183,73.06856128445723
2017-12-30T02:59:59Z,92.29625316736622,72.86572004487417
2017-12-30T03:59:59Z,92.27204814757947,71.45268434465514
2017-12-30T04:59:59Z,92.12666105325927,70.85739036439799
2017-12-30T05:59:59Z,91.77942890825581,69.58894214401587
2017-12-30T06:59:59Z,92.0200138805914,69.69142143519804
2017-12-30T07:59:59Z,91.75969430923236,70.06928576790864
2017-12-30T08:59:59Z,91.64028111837577,69.58046595618163
2017-12-30T09:59:59Z,87.12229751314531,66.2688354368532
2017-12-30T10:59:59Z,91.30105843153876,70.49172784721621
2017-12-30T11:59:59Z,92.52071297561481,70.92078920238967
2017-12-30T12:59:59Z,92.1434790909271,70.70717173002068
2017-12-30T13:59:59Z,92.35277436323615,70.75511300508198
2017-12-30T14:59:59Z,92.81776039866497,70.78628263627519
2017-12-30T15:59:59Z,90.52961087417616,67.47812264006635
2017-12-30T16:59:59Z,90.8193311257411,67.86471929763859
2017-12-30T17:59:59Z,91.99705606947039,69.14863241334963
2017-12-30T18:59:59Z,92.66618730978301,70.09352118565077
2017-12-30T19:59:59Z,91.99205378433192,69.5655421636642
2017-12-30T20:59:59Z,92.15272808255138,69.5848368250353
2017-12-30T21:59:59Z,92.1559167279293,69.59401053010815
2017-12-30T22:59:59Z,92.29719938403262,69.8176892975276
2017-12-30T23:59:59Z,92.44290588003129,70.29446652630809
2017-12-31T00:59:59Z,92.77546724297656,70.94064698286317
2017-12-31T01:59:59Z,92.34307815322124,69.49261406888905
2017-12-31T02:59:59Z,91.99851988230722,68.49448172085529
2017-12-31T03:59:59Z,92.47783925589975,70.30736189237584
2017-12-31T04:59:59Z,92.65227589280668,70.77619348288843
2017-12-31T05:59:59Z,91.88243590225612,68.72581400498137
2017-12-31T06:59:59Z,91.79794114713881,68.5066479580283
2017-12-31T07:59:59Z,92.67355990222455,69.79531776588655
2017-12-31T08:59:59Z,92.94312656487135,70.64139715918711
2017-12-31T09:59:59Z,92.78408493170393,69.98795920561501
2017-12-31T10:59:59Z,92.67453755898562,68.57846494068662
2017-12-31T11:59:59Z,92.1986756106511,68.37849611537405
2017-12-31T12:59:59Z,92.3058035352455,68.2667480247465
2017-12-31T13:59:59Z,92.70212822966948,69.44455471718472
2017-12-31T14:59:59Z,91.98540857384126,69.07385854237094
2017-12-31T15:59:59Z,90.94100412818625,68.58998418718093
2017-12-31T16:59:59Z,91.35209084998206,68.97007841691328
2017-12-31T17:59:59Z,91.82210008215971,68.88315872805855
2017-12-31T18:59:59Z,92.11213142260317,68.89860888352264
2017-12-31T19:59:59Z,92.25534446642577,69.71752019202364
2017-12-31T20:59:59Z,91.56987948795188,69.2419710555498
2017-12-31T21:59:59Z,91.94880089855087,68.47499643470329
2017-12-31T22:59:59Z,91.74957143673312,68.70066158162703
2017-12-31T23:59:59Z,91.54037777970105,68.21696251158102
